0 0.6322115384615384 0.6310096153846154 0.07692307692307693 0.1346153846153846
0 0.3762019230769231 0.6334134615384616 0.1045673076923077 0.12620192307692307
0 0.4675480769230769 0.5228365384615384 0.042067307692307696 0.3076923076923077
0 0.7199519230769231 0.5817307692307693 0.037259615384615384 0.10817307692307693
0 0.16947115384615385 0.6442307692307693 0.051682692307692304 0.05889423076923077
0 0.4423076923076923 0.5913461538461539 0.03485576923076923 0.0985576923076923
0 0.9086538461538461 0.6634615384615384 0.07932692307692307 0.05048076923076923
0 0.19471153846153846 0.6165865384615384 0.030048076923076924 0.05048076923076923
0 0.6706730769230769 0.5817307692307693 0.05048076923076923 0.18028846153846154
0 0.3858173076923077 0.6418269230769231 0.04326923076923077 0.05889423076923077
0 0.8725961538461539 0.6262019230769231 0.020432692307692308 0.055288461538461536
0 0.5408653846153846 0.5180288461538461 0.19831730769230768 0.6081730769230769
0 0.9711538461538461 0.6310096153846154 0.055288461538461536 0.1346153846153846