0 0.6225961538461539 0.5697115384615384 0.078125 0.1466346153846154
0 0.6538461538461539 0.2920673076923077 0.025240384615384616 0.1045673076923077
0 0.8245192307692307 0.10697115384615384 0.026442307692307692 0.06370192307692307
0 0.8004807692307693 0.10216346153846154 0.030048076923076924 0.0829326923076923
0 0.8425480769230769 0.12620192307692307 0.03245192307692308 0.051682692307692304
0 0.7223557692307693 0.0829326923076923 0.036057692307692304 0.09735576923076923
0 0.59375 0.10336538461538461 0.027644230769230768 0.052884615384615384
0 0.39783653846153844 0.9567307692307693 0.04326923076923077 0.07451923076923077
0 0.5925480769230769 0.12980769230769232 0.026442307692307692 0.040865384615384616
0 0.26802884615384615 0.9759615384615384 0.040865384615384616 0.04326923076923077
0 0.23557692307692307 0.9771634615384616 0.03245192307692308 0.040865384615384616
0 0.5552884615384616 0.2620192307692308 0.030048076923076924 0.09014423076923077
0 0.48677884615384615 0.4987980769230769 0.9735576923076923 0.9975961538461539