0 0.6682692307692307 0.8112980769230769 0.06370192307692307 0.18028846153846154
0 0.8689903846153846 0.8341346153846154 0.036057692307692304 0.22956730769230768
0 0.23076923076923078 0.7860576923076923 0.042067307692307696 0.12139423076923077
0 0.21153846153846154 0.7872596153846154 0.019230769230769232 0.11899038461538461
0 0.5540865384615384 0.8052884615384616 0.06129807692307692 0.17307692307692307
0 0.33653846153846156 0.7824519230769231 0.027644230769230768 0.0829326923076923
0 0.9735576923076923 0.8413461538461539 0.03485576923076923 0.23076923076923078
0 0.7956730769230769 0.7728365384615384 0.027644230769230768 0.06850961538461539
0 0.7331730769230769 0.7992788461538461 0.052884615384615384 0.12139423076923077
0 0.6346153846153846 0.7740384615384616 0.020432692307692308 0.07211538461538461
0 0.6033653846153846 0.7848557692307693 0.04326923076923077 0.1045673076923077
0 0.5949519230769231 0.7596153846153846 0.01201923076923077 0.042067307692307696
0 0.4567307692307692 0.7956730769230769 0.052884615384615384 0.16105769230769232
0 0.4639423076923077 0.7992788461538461 0.9278846153846154 0.2127403846153846