0 0.9771634615384616 0.038461538461538464 0.040865384615384616 0.07692307692307693
0 0.3581730769230769 0.027644230769230768 0.06009615384615385 0.054086538461538464
0 0.9266826923076923 0.03245192307692308 0.07932692307692307 0.06490384615384616
0 0.5985576923076923 0.027644230769230768 0.036057692307692304 0.054086538461538464
0 0.05048076923076923 0.028846153846153848 0.038461538461538464 0.057692307692307696
0 0.21634615384615385 0.027644230769230768 0.08413461538461539 0.054086538461538464
0 0.3954326923076923 0.026442307692307692 0.040865384615384616 0.052884615384615384
0 0.43149038461538464 0.026442307692307692 0.06971153846153846 0.052884615384615384
0 0.7560096153846154 0.026442307692307692 0.08413461538461539 0.052884615384615384
0 0.29447115384615385 0.027644230769230768 0.08413461538461539 0.054086538461538464
0 0.5528846153846154 0.026442307692307692 0.08173076923076923 0.052884615384615384
0 0.15144230769230768 0.027644230769230768 0.06971153846153846 0.054086538461538464
0 0.47115384615384615 0.027644230769230768 0.078125 0.054086538461538464
0 0.49278846153846156 0.49759615384615385 0.9855769230769231 0.9951923076923077