0 0.4375 0.49399038461538464 0.15985576923076922 0.4891826923076923
0 0.16346153846153846 0.5372596153846154 0.12379807692307693 0.2403846153846154
0 0.11658653846153846 0.4110576923076923 0.0625 0.20432692307692307
0 0.9302884615384616 0.5480769230769231 0.09254807692307693 0.1346153846153846
0 0.8401442307692307 0.45913461538461536 0.06850961538461539 0.19831730769230768
0 0.8894230769230769 0.4411057692307692 0.027644230769230768 0.15625
0 0.6983173076923077 0.5192307692307693 0.16346153846153846 0.5829326923076923
0 0.03245192307692308 0.39903846153846156 0.06009615384615385 0.1622596153846154
0 0.21875 0.5072115384615384 0.12259615384615384 0.19230769230769232
0 0.25721153846153844 0.4050480769230769 0.06971153846153846 0.15625
0 0.19831730769230768 0.3737980769230769 0.06009615384615385 0.11658653846153846
0 0.15745192307692307 0.3737980769230769 0.042067307692307696 0.1045673076923077
0 0.07091346153846154 0.41586538461538464 0.04567307692307692 0.20673076923076922
0 0.4987980769230769 0.375 0.9975961538461539 0.6298076923076923