0 0.5012019230769231 0.6430288461538461 0.09735576923076923 0.34375
0 0.9447115384615384 0.5372596153846154 0.10817307692307693 0.5552884615384616
0 0.7536057692307693 0.5637019230769231 0.056490384615384616 0.2608173076923077
0 0.8822115384615384 0.5060096153846154 0.04326923076923077 0.2439903846153846
0 0.8269230769230769 0.49759615384615385 0.140625 0.3449519230769231
0 0.6947115384615384 0.5528846153846154 0.056490384615384616 0.2980769230769231
0 0.9026442307692307 0.40024038461538464 0.03125 0.08413461538461539
0 0.21394230769230768 0.23557692307692307 0.025240384615384616 0.037259615384615384
0 0.7151442307692307 0.35336538461538464 0.026442307692307692 0.09735576923076923
0 0.7175480769230769 0.328125 0.03245192307692308 0.09375
0 0.13942307692307693 0.2403846153846154 0.03485576923076923 0.0733173076923077
0 0.8413461538461539 0.4987980769230769 0.055288461538461536 0.24879807692307693
0 0.7716346153846154 0.38221153846153844 0.046875 0.078125