0 0.9411057692307693 0.16826923076923078 0.056490384615384616 0.2704326923076923
0 0.8713942307692307 0.14423076923076922 0.05048076923076923 0.25600961538461536
0 0.8076923076923077 0.06971153846153846 0.0625 0.10216346153846154
0 0.7704326923076923 0.09014423076923077 0.07211538461538461 0.09975961538461539
0 0.3473557692307692 0.11538461538461539 0.036057692307692304 0.15144230769230768
0 0.9747596153846154 0.18028846153846154 0.04326923076923077 0.26802884615384615
0 0.30408653846153844 0.06009615384615385 0.02403846153846154 0.06971153846153846
0 0.7151442307692307 0.09615384615384616 0.038461538461538464 0.16826923076923078
0 0.32572115384615385 0.06370192307692307 0.016826923076923076 0.057692307692307696
0 0.2403846153846154 0.06850961538461539 0.021634615384615384 0.0625
0 0.5408653846153846 0.057692307692307696 0.04567307692307692 0.07932692307692307
0 0.4579326923076923 0.06370192307692307 0.037259615384615384 0.07692307692307693