0 0.6129807692307693 0.6442307692307693 0.040865384615384616 0.11538461538461539
0 0.5817307692307693 0.6442307692307693 0.021634615384615384 0.0673076923076923
0 0.6538461538461539 0.6105769230769231 0.004807692307692308 0.028846153846153848
0 0.7259615384615384 0.6165865384615384 0.009615384615384616 0.026442307692307692
0 0.8990384615384616 0.6418269230769231 0.016826923076923076 0.10576923076923077
0 0.9194711538461539 0.6418269230769231 0.026442307692307692 0.09615384615384616
0 0.5637019230769231 0.6442307692307693 0.019230769230769232 0.0625
0 0.5480769230769231 0.6454326923076923 0.016826923076923076 0.06009615384615385
0 0.4026442307692308 0.6177884615384616 0.006009615384615385 0.038461538461538464
0 0.28846153846153844 0.5661057692307693 0.042067307692307696 0.06009615384615385
0 0.3233173076923077 0.5805288461538461 0.03485576923076923 0.026442307692307692
0 0.7716346153846154 0.6213942307692307 0.010817307692307692 0.03125
0 0.7127403846153846 0.6201923076923077 0.014423076923076924 0.038461538461538464
0 0.5901442307692307 0.6033653846153846 0.8125 0.14423076923076922