0 0.10817307692307693 0.18990384615384615 0.07932692307692307 0.3798076923076923
0 0.4519230769230769 0.16947115384615385 0.038461538461538464 0.18269230769230768
0 0.7980769230769231 0.17307692307692307 0.09495192307692307 0.21153846153846154
0 0.22235576923076922 0.15504807692307693 0.037259615384615384 0.11298076923076923
0 0.25841346153846156 0.12980769230769232 0.038461538461538464 0.14783653846153846
0 0.2439903846153846 0.09735576923076923 0.02403846153846154 0.06009615384615385
0 0.5036057692307693 0.23197115384615385 0.0733173076923077 0.4014423076923077
0 0.6983173076923077 0.17067307692307693 0.09975961538461539 0.18629807692307693
0 0.18629807692307693 0.22716346153846154 0.02403846153846154 0.1935096153846154
0 0.038461538461538464 0.36658653846153844 0.07692307692307693 0.5276442307692307
0 0.34134615384615385 0.1622596153846154 0.06370192307692307 0.15504807692307693
0 0.5432692307692307 0.2091346153846154 0.03245192307692308 0.27163461538461536
0 0.9170673076923077 0.42908653846153844 0.15264423076923078 0.5841346153846154
0 0.49158653846153844 0.4014423076923077 0.9831730769230769 0.8028846153846154