0 0.8894230769230769 0.5901442307692307 0.13221153846153846 0.3004807692307692
0 0.9435096153846154 0.12139423076923077 0.09014423076923077 0.23076923076923078
0 0.8209134615384616 0.10216346153846154 0.12379807692307693 0.20432692307692307
0 0.53125 0.078125 0.1622596153846154 0.13581730769230768
0 0.7403846153846154 0.625 0.20432692307692307 0.234375
0 0.29927884615384615 0.038461538461538464 0.10096153846153846 0.0733173076923077
0 0.20432692307692307 0.052884615384615384 0.06129807692307692 0.10576923076923077
0 0.6730769230769231 0.09975961538461539 0.0625 0.1346153846153846
0 0.7163461538461539 0.027644230769230768 0.07692307692307693 0.04807692307692308
0 0.6069711538461539 0.08653846153846154 0.11057692307692307 0.171875
0 0.49278846153846156 0.5276442307692307 0.22596153846153846 0.3425480769230769
0 0.8846153846153846 0.13942307692307693 0.09254807692307693 0.1622596153846154
0 0.36778846153846156 0.039663461538461536 0.038461538461538464 0.07932692307692307
0 0.46033653846153844 0.05048076923076923 0.13221153846153846 0.09975961538461539