0 0.7632211538461539 0.3473557692307692 0.19471153846153846 0.29086538461538464
0 0.3016826923076923 0.2824519230769231 0.1346153846153846 0.24639423076923078
0 0.13581730769230768 0.38221153846153844 0.12860576923076922 0.30528846153846156
0 0.21634615384615385 0.6766826923076923 0.3137019230769231 0.6045673076923077
0 0.8689903846153846 0.2692307692307692 0.11298076923076923 0.2620192307692308
0 0.46274038461538464 0.28125 0.125 0.2439903846153846
0 0.9567307692307693 0.4987980769230769 0.08413461538461539 0.4074519230769231
0 0.21153846153846154 0.11057692307692307 0.052884615384615384 0.07932692307692307
0 0.08653846153846154 0.5012019230769231 0.1346153846153846 0.375
0 0.9783653846153846 0.18990384615384615 0.040865384615384616 0.2247596153846154
0 0.8353365384615384 0.12980769230769232 0.038461538461538464 0.08173076923076923
0 0.8269230769230769 0.6923076923076923 0.33413461538461536 0.6105769230769231
0 0.6213942307692307 0.3076923076923077 0.1310096153846154 0.2283653846153846
0 0.46634615384615385 0.5168269230769231 0.9266826923076923 0.9627403846153846