0 0.7487980769230769 0.8185096153846154 0.016826923076923076 0.11298076923076923
0 0.7211538461538461 0.8317307692307693 0.026442307692307692 0.1201923076923077
0 0.47596153846153844 0.8461538461538461 0.025240384615384616 0.125
0 0.3629807692307692 0.8665865384615384 0.027644230769230768 0.14783653846153846
0 0.2956730769230769 0.8629807692307693 0.020432692307692308 0.11778846153846154
0 0.20793269230769232 0.8677884615384616 0.027644230769230768 0.12740384615384615
0 0.4951923076923077 0.8052884615384616 0.009615384615384616 0.03485576923076923
0 0.9543269230769231 0.8137019230769231 0.021634615384615384 0.0889423076923077
0 0.028846153846153848 0.8822115384615384 0.030048076923076924 0.13221153846153846
0 0.9759615384615384 0.8064903846153846 0.020432692307692308 0.0985576923076923
0 0.8810096153846154 0.8125 0.03485576923076923 0.11538461538461539
0 0.07451923076923077 0.8798076923076923 0.027644230769230768 0.13221153846153846
0 0.0985576923076923 0.8737980769230769 0.027644230769230768 0.13942307692307693
0 0.5036057692307693 0.8473557692307693 0.9879807692307693 0.25