0 0.8461538461538461 0.6983173076923077 0.042067307692307696 0.18389423076923078
0 0.7848557692307693 0.6598557692307693 0.038461538461538464 0.13221153846153846
0 0.8870192307692307 0.6418269230769231 0.03245192307692308 0.10817307692307693
0 0.9278846153846154 0.6358173076923077 0.019230769230769232 0.078125
0 0.19471153846153846 0.8317307692307693 0.20673076923076922 0.29927884615384615
0 0.2704326923076923 0.7403846153846154 0.10336538461538461 0.3016826923076923
0 0.9471153846153846 0.6382211538461539 0.021634615384615384 0.09254807692307693
0 0.9098557692307693 0.6141826923076923 0.015625 0.06850961538461539
0 0.9254807692307693 0.6009615384615384 0.014423076923076924 0.037259615384615384
0 0.6394230769230769 0.8100961538461539 0.11298076923076923 0.35096153846153844
0 0.828125 0.6646634615384616 0.027644230769230768 0.15985576923076922