0 0.5673076923076923 0.7127403846153846 0.052884615384615384 0.16826923076923078
0 0.4375 0.6959134615384616 0.08173076923076923 0.21995192307692307
0 0.38341346153846156 0.8329326923076923 0.14182692307692307 0.3293269230769231
0 0.4074519230769231 0.5913461538461539 0.021634615384615384 0.027644230769230768
0 0.042067307692307696 0.7584134615384616 0.05889423076923077 0.28725961538461536
0 0.07692307692307693 0.5853365384615384 0.016826923076923076 0.08173076923076923
0 0.11778846153846154 0.5925480769230769 0.025240384615384616 0.10096153846153846
0 0.6057692307692307 0.6862980769230769 0.037259615384615384 0.22235576923076922
0 0.09735576923076923 0.7247596153846154 0.051682692307692304 0.19591346153846154
0 0.45552884615384615 0.5793269230769231 0.020432692307692308 0.10697115384615384
0 0.4891826923076923 0.703125 0.046875 0.12139423076923077
0 0.7127403846153846 0.5745192307692307 0.027644230769230768 0.140625
0 0.02403846153846154 0.7151442307692307 0.04326923076923077 0.22956730769230768
0 0.5144230769230769 0.6310096153846154 0.9375 0.3545673076923077