0 0.7560096153846154 0.7572115384615384 0.0889423076923077 0.171875
0 0.8918269230769231 0.7199519230769231 0.09375 0.09735576923076923
0 0.4519230769230769 0.6658653846153846 0.009615384615384616 0.02403846153846154
0 0.4206730769230769 0.6706730769230769 0.01201923076923077 0.025240384615384616
0 0.4074519230769231 0.6706730769230769 0.014423076923076924 0.027644230769230768
0 0.5060096153846154 0.6706730769230769 0.014423076923076924 0.02403846153846154
0 0.5661057692307693 0.6646634615384616 0.015625 0.02403846153846154
0 0.8245192307692307 0.6682692307692307 0.02403846153846154 0.03245192307692308
0 0.8317307692307693 0.6550480769230769 0.014423076923076924 0.021634615384615384
0 0.13221153846153846 0.6802884615384616 0.016826923076923076 0.03245192307692308
0 0.25721153846153844 0.6899038461538461 0.019230769230769232 0.03245192307692308
0 0.28725961538461536 0.6947115384615384 0.036057692307692304 0.05048076923076923
0 0.8557692307692307 0.6550480769230769 0.01201923076923077 0.021634615384615384
0 0.5444711538461539 0.6742788461538461 0.90625 0.0733173076923077