0 0.5757211538461539 0.6394230769230769 0.18028846153846154 0.7103365384615384
0 0.13701923076923078 0.42427884615384615 0.052884615384615384 0.14783653846153846
0 0.09615384615384616 0.4170673076923077 0.036057692307692304 0.17668269230769232
0 0.30408653846153844 0.36899038461538464 0.02403846153846154 0.046875
0 0.36658653846153844 0.38100961538461536 0.020432692307692308 0.042067307692307696
0 0.7704326923076923 0.4338942307692308 0.027644230769230768 0.039663461538461536
0 0.8137019230769231 0.36778846153846156 0.026442307692307692 0.078125
0 0.33653846153846156 0.37740384615384615 0.03485576923076923 0.04927884615384615
0 0.6622596153846154 0.3858173076923077 0.020432692307692308 0.11298076923076923
0 0.7271634615384616 0.42788461538461536 0.042067307692307696 0.051682692307692304
0 0.8966346153846154 0.3605769230769231 0.020432692307692308 0.039663461538461536
0 0.8485576923076923 0.3557692307692308 0.021634615384615384 0.051682692307692304
0 0.3605769230769231 0.3713942307692308 0.020432692307692308 0.056490384615384616
0 0.5504807692307693 0.4110576923076923 0.78125 0.15745192307692307