0 0.140625 0.6346153846153846 0.04326923076923077 0.17548076923076922
0 0.8737980769230769 0.6682692307692307 0.08173076923076923 0.28725961538461536
0 0.037259615384615384 0.6394230769230769 0.0733173076923077 0.1814903846153846
0 0.07932692307692307 0.6346153846153846 0.042067307692307696 0.16706730769230768
0 0.11298076923076923 0.6153846153846154 0.027644230769230768 0.09014423076923077
0 0.09254807692307693 0.609375 0.021634615384615384 0.0985576923076923
0 0.026442307692307692 0.6442307692307693 0.05048076923076923 0.18629807692307693
0 0.390625 0.4387019230769231 0.06850961538461539 0.1201923076923077
0 0.9050480769230769 0.6201923076923077 0.026442307692307692 0.125
0 0.609375 0.42788461538461536 0.078125 0.12860576923076922
0 0.7283653846153846 0.46153846153846156 0.042067307692307696 0.0889423076923077
0 0.9615384615384616 0.6502403846153846 0.06850961538461539 0.30528846153846156
0 0.7019230769230769 0.43149038461538464 0.019230769230769232 0.05048076923076923
0 0.5576923076923077 0.43990384615384615 0.46875 0.15625