0 0.5480769230769231 0.38822115384615385 0.09254807692307693 0.17307692307692307
0 0.42427884615384615 0.3894230769230769 0.08653846153846154 0.13822115384615385
0 0.1935096153846154 0.5024038461538461 0.03125 0.06370192307692307
0 0.3473557692307692 0.40024038461538464 0.055288461538461536 0.11298076923076923
0 0.30288461538461536 0.40625 0.037259615384615384 0.06850961538461539
0 0.2247596153846154 0.5072115384615384 0.020432692307692308 0.06370192307692307
0 0.020432692307692308 0.4567307692307692 0.040865384615384616 0.1502403846153846
0 0.2091346153846154 0.44350961538461536 0.014423076923076924 0.04447115384615385
0 0.8581730769230769 0.39783653846153844 0.019230769230769232 0.03245192307692308
0 0.47475961538461536 0.41586538461538464 0.030048076923076924 0.07211538461538461
0 0.4567307692307692 0.3629807692307692 0.03245192307692308 0.046875
0 0.859375 0.44350961538461536 0.025240384615384616 0.030048076923076924