0 0.30288461538461536 0.5384615384615384 0.021634615384615384 0.12139423076923077
0 0.4987980769230769 0.5552884615384616 0.03125 0.11298076923076923
0 0.43149038461538464 0.5492788461538461 0.020432692307692308 0.11057692307692307
0 0.46274038461538464 0.5252403846153846 0.01201923076923077 0.055288461538461536
0 0.5012019230769231 0.49759615384615385 0.014423076923076924 0.05889423076923077
0 0.6586538461538461 0.5324519230769231 0.051682692307692304 0.10096153846153846
0 0.8882211538461539 0.5661057692307693 0.026442307692307692 0.12139423076923077
0 0.5637019230769231 0.49278846153846156 0.019230769230769232 0.04567307692307692
0 0.9278846153846154 0.5745192307692307 0.021634615384615384 0.1141826923076923
0 0.28725961538461536 0.5372596153846154 0.019230769230769232 0.10576923076923077
0 0.30649038461538464 0.47836538461538464 0.015625 0.036057692307692304
0 0.4519230769230769 0.46634615384615385 0.010817307692307692 0.051682692307692304
0 0.5817307692307693 0.5216346153846154 0.015625 0.09735576923076923
0 0.3425480769230769 0.49399038461538464 0.3605769230769231 0.12139423076923077