0 0.6887019230769231 0.5168269230769231 0.421875 0.9314903846153846
0 0.4651442307692308 0.4735576923076923 0.057692307692307696 0.3269230769230769
0 0.421875 0.48677884615384615 0.08413461538461539 0.29447115384615385
0 0.37740384615384615 0.39903846153846156 0.04807692307692308 0.13822115384615385
0 0.35216346153846156 0.39663461538461536 0.03245192307692308 0.14423076923076922
0 0.2548076923076923 0.5588942307692307 0.44591346153846156 0.8713942307692307
0 0.08653846153846154 0.1971153846153846 0.02403846153846154 0.0625
0 0.02403846153846154 0.5180288461538461 0.04807692307692308 0.42908653846153844
0 0.042067307692307696 0.2247596153846154 0.03245192307692308 0.10216346153846154
0 0.06009615384615385 0.24158653846153846 0.020432692307692308 0.09254807692307693
0 0.5060096153846154 0.4579326923076923 0.07211538461538461 0.29086538461538464
0 0.09134615384615384 0.33774038461538464 0.078125 0.15865384615384615
0 0.32211538461538464 0.38461538461538464 0.036057692307692304 0.15625
0 0.43990384615384615 0.28125 0.8798076923076923 0.21875