0 0.78125 0.23197115384615385 0.019230769230769232 0.037259615384615384
0 0.46634615384615385 0.3173076923076923 0.051682692307692304 0.2283653846153846
0 0.8930288461538461 0.3233173076923077 0.14182692307692307 0.4411057692307692
0 0.8004807692307693 0.29086538461538464 0.0625 0.20192307692307693
0 0.7572115384615384 0.2439903846153846 0.021634615384615384 0.078125
0 0.5216346153846154 0.35336538461538464 0.078125 0.3473557692307692
0 0.15865384615384615 0.41466346153846156 0.09254807692307693 0.33774038461538464
0 0.5733173076923077 0.3545673076923077 0.04326923076923077 0.0733173076923077
0 0.0985576923076923 0.2692307692307692 0.03485576923076923 0.07932692307692307
0 0.0733173076923077 0.24879807692307693 0.021634615384615384 0.051682692307692304
0 0.06971153846153846 0.43028846153846156 0.1310096153846154 0.2932692307692308
0 0.32211538461538464 0.28365384615384615 0.16706730769230768 0.2764423076923077
0 0.5192307692307693 0.2980769230769231 0.9579326923076923 0.2956730769230769
0 0.7175480769230769 0.5432692307692307 0.22596153846153846 0.7548076923076923