0 0.30649038461538464 0.8365384615384616 0.16826923076923078 0.17668269230769232
0 0.7487980769230769 0.6430288461538461 0.0829326923076923 0.057692307692307696
0 0.46274038461538464 0.6346153846153846 0.11538461538461539 0.125
0 0.5 0.5685096153846154 0.0829326923076923 0.11298076923076923
0 0.5264423076923077 0.46153846153846156 0.0985576923076923 0.10096153846153846
0 0.5588942307692307 0.3762019230769231 0.06850961538461539 0.08173076923076923
0 0.5552884615384616 0.31490384615384615 0.056490384615384616 0.036057692307692304
0 0.3004807692307692 0.4254807692307692 0.05048076923076923 0.036057692307692304
0 0.21394230769230768 0.5036057692307693 0.09254807692307693 0.04807692307692308
0 0.7403846153846154 0.4182692307692308 0.02403846153846154 0.016826923076923076
0 0.11057692307692307 0.7716346153846154 0.1346153846153846 0.15144230769230768
0 0.7512019230769231 0.7115384615384616 0.1201923076923077 0.14182692307692307
0 0.6550480769230769 0.7728365384615384 0.14903846153846154 0.16105769230769232
0 0.578125 0.4014423076923077 0.6983173076923077 0.3629807692307692