0 0.8028846153846154 0.5372596153846154 0.14182692307692307 0.6382211538461539
0 0.6574519230769231 0.36899038461538464 0.07451923076923077 0.22115384615384615
0 0.42788461538461536 0.47716346153846156 0.13581730769230768 0.4891826923076923
0 0.09615384615384616 0.5492788461538461 0.036057692307692304 0.14302884615384615
0 0.20432692307692307 0.4170673076923077 0.015625 0.10336538461538461
0 0.22596153846153846 0.375 0.015625 0.04927884615384615
0 0.21153846153846154 0.44591346153846156 0.016826923076923076 0.08653846153846154
0 0.2439903846153846 0.42908653846153844 0.014423076923076924 0.05889423076923077
0 0.7115384615384616 0.4098557692307692 0.042067307692307696 0.21153846153846154
0 0.07932692307692307 0.5048076923076923 0.037259615384615384 0.2283653846153846
0 0.05048076923076923 0.5564903846153846 0.04326923076923077 0.17668269230769232
0 0.8557692307692307 0.5252403846153846 0.14543269230769232 0.6021634615384616
0 0.9879807692307693 0.4182692307692308 0.020432692307692308 0.0889423076923077
0 0.4987980769230769 0.47716346153846156 0.9963942307692307 0.4050480769230769