0 0.3701923076923077 0.5721153846153846 0.019230769230769232 0.030048076923076924
0 0.4879807692307692 0.6069711538461539 0.026442307692307692 0.042067307692307696
0 0.35697115384615385 0.7439903846153846 0.09495192307692307 0.13942307692307693
0 0.6105769230769231 0.609375 0.026442307692307692 0.04326923076923077
0 0.5721153846153846 0.6117788461538461 0.026442307692307692 0.042067307692307696
0 0.5120192307692307 0.7199519230769231 0.0829326923076923 0.08653846153846154
0 0.4651442307692308 0.7175480769230769 0.05048076923076923 0.08774038461538461
0 0.5240384615384616 0.6069711538461539 0.026442307692307692 0.055288461538461536
0 0.44350961538461536 0.6959134615384616 0.036057692307692304 0.07932692307692307
0 0.5396634615384616 0.6622596153846154 0.036057692307692304 0.040865384615384616
0 0.41947115384615385 0.7403846153846154 0.06129807692307692 0.11899038461538461
0 0.5384615384615384 0.6418269230769231 0.03245192307692308 0.026442307692307692
0 0.44350961538461536 0.5649038461538461 0.02403846153846154 0.03245192307692308