0 0.6009615384615384 0.38221153846153844 0.01201923076923077 0.04807692307692308
0 0.6177884615384616 0.9050480769230769 0.11057692307692307 0.15985576923076922
0 0.078125 0.9194711538461539 0.15625 0.15625
0 0.6382211538461539 0.22596153846153846 0.007211538461538462 0.016826923076923076
0 0.6213942307692307 0.30528846153846156 0.009615384615384616 0.02403846153846154
0 0.47596153846153844 0.24879807692307693 0.01201923076923077 0.030048076923076924
0 0.4423076923076923 0.2403846153846154 0.009615384615384616 0.016826923076923076
0 0.43149038461538464 0.2247596153846154 0.009615384615384616 0.021634615384615384
0 0.6346153846153846 0.5372596153846154 0.07932692307692307 0.18028846153846154
0 0.2091346153846154 0.9435096153846154 0.08653846153846154 0.08774038461538461
0 0.27524038461538464 0.3858173076923077 0.010817307692307692 0.04807692307692308
0 0.0625 0.4170673076923077 0.03485576923076923 0.04326923076923077
0 0.4230769230769231 0.9543269230769231 0.16346153846153846 0.08653846153846154
0 0.5 0.33774038461538464 0.9963942307692307 0.3076923076923077