0 0.3581730769230769 0.30528846153846156 0.07211538461538461 0.07692307692307693
0 0.039663461538461536 0.4338942307692308 0.04807692307692308 0.20793269230769232
0 0.08173076923076923 0.3473557692307692 0.019230769230769232 0.12860576923076922
0 0.0673076923076923 0.2860576923076923 0.015625 0.054086538461538464
0 0.6274038461538461 0.4795673076923077 0.0733173076923077 0.12860576923076922
0 0.7199519230769231 0.42908653846153844 0.04807692307692308 0.1466346153846154
0 0.6310096153846154 0.390625 0.038461538461538464 0.15384615384615385
0 0.5973557692307693 0.3125 0.02403846153846154 0.09375
0 0.010817307692307692 0.42908653846153844 0.021634615384615384 0.20793269230769232
0 0.45552884615384615 0.3125 0.14903846153846154 0.21754807692307693
0 0.27163461538461536 0.32091346153846156 0.05048076923076923 0.054086538461538464
0 0.6778846153846154 0.45913461538461536 0.040865384615384616 0.12860576923076922
0 0.5276442307692307 0.2956730769230769 0.03485576923076923 0.04927884615384615
0 0.5612980769230769 0.3473557692307692 0.04807692307692308 0.08173076923076923