0 0.8509615384615384 0.5625 0.046875 0.09735576923076923
0 0.7403846153846154 0.7019230769230769 0.0733173076923077 0.06971153846153846
0 0.43509615384615385 0.2668269230769231 0.036057692307692304 0.051682692307692304
0 0.1971153846153846 0.3269230769230769 0.036057692307692304 0.051682692307692304
0 0.4375 0.2127403846153846 0.025240384615384616 0.038461538461538464
0 0.6298076923076923 0.234375 0.03125 0.05889423076923077
0 0.6550480769230769 0.1814903846153846 0.020432692307692308 0.046875
0 0.6850961538461539 0.19831730769230768 0.020432692307692308 0.05048076923076923
0 0.7944711538461539 0.19471153846153846 0.025240384615384616 0.04807692307692308
0 0.41346153846153844 0.2091346153846154 0.020432692307692308 0.03245192307692308
0 0.3713942307692308 0.21394230769230768 0.021634615384615384 0.04326923076923077
0 0.35697115384615385 0.21634615384615385 0.02403846153846154 0.04567307692307692
0 0.4579326923076923 0.21995192307692307 0.8545673076923077 0.1814903846153846