0 0.08052884615384616 0.6358173076923077 0.04447115384615385 0.20432692307692307
0 0.15745192307692307 0.4963942307692308 0.07451923076923077 0.18028846153846154
0 0.265625 0.625 0.06009615384615385 0.14182692307692307
0 0.5889423076923077 0.5552884615384616 0.04567307692307692 0.18389423076923078
0 0.4675480769230769 0.5528846153846154 0.04567307692307692 0.18389423076923078
0 0.49278846153846156 0.7307692307692307 0.04567307692307692 0.20192307692307693
0 0.9290865384615384 0.8353365384615384 0.0625 0.23197115384615385
0 0.7223557692307693 0.27524038461538464 0.027644230769230768 0.11177884615384616
0 0.7295673076923077 0.17668269230769232 0.018028846153846152 0.06971153846153846
0 0.3233173076923077 0.5673076923076923 0.03365384615384615 0.18389423076923078
0 0.27884615384615385 0.7367788461538461 0.05048076923076923 0.09375
0 0.6237980769230769 0.1778846153846154 0.01201923076923077 0.02403846153846154
0 0.6466346153846154 0.17908653846153846 0.021634615384615384 0.08173076923076923
0 0.5060096153846154 0.33413461538461536 0.9038461538461539 0.6682692307692307