0 0.5024038461538461 0.5949519230769231 0.2920673076923077 0.7920673076923077
0 0.5889423076923077 0.3641826923076923 0.109375 0.1346153846153846
0 0.671875 0.3713942307692308 0.08173076923076923 0.11538461538461539
0 0.7439903846153846 0.7247596153846154 0.1141826923076923 0.2956730769230769
0 0.8954326923076923 0.7175480769230769 0.109375 0.28725961538461536
0 0.5552884615384616 0.07451923076923077 0.14543269230769232 0.14903846153846154
0 0.6754807692307693 0.7692307692307693 0.11538461538461539 0.20793269230769232
0 0.4855769230769231 0.7199519230769231 0.13701923076923078 0.3016826923076923
0 0.25721153846153844 0.7608173076923077 0.052884615384615384 0.09254807692307693
0 0.07692307692307693 0.6310096153846154 0.03245192307692308 0.040865384615384616
0 0.9627403846153846 0.6766826923076923 0.06971153846153846 0.23076923076923078