0 0.859375 0.15264423076923078 0.015625 0.014423076923076924
0 0.8918269230769231 0.140625 0.021634615384615384 0.019230769230769232
0 0.6225961538461539 0.11298076923076923 0.007211538461538462 0.010817307692307692
0 0.5769230769230769 0.11298076923076923 0.015625 0.016826923076923076
0 0.38221153846153844 0.11298076923076923 0.010817307692307692 0.009615384615384616
0 0.6598557692307693 0.13942307692307693 0.009615384615384616 0.009615384615384616
0 0.45913461538461536 0.8341346153846154 0.04326923076923077 0.1502403846153846
0 0.47475961538461536 0.8257211538461539 0.03485576923076923 0.16105769230769232
0 0.6478365384615384 0.11899038461538461 0.014423076923076924 0.01201923076923077
0 0.8064903846153846 0.11298076923076923 0.009615384615384616 0.016826923076923076
0 0.4026442307692308 0.21754807692307693 0.006009615384615385 0.015625