0 0.5913461538461539 0.6742788461538461 0.1778846153846154 0.17307692307692307
0 0.5913461538461539 0.5384615384615384 0.08413461538461539 0.07932692307692307
0 0.6009615384615384 0.5793269230769231 0.0889423076923077 0.06850961538461539
0 0.5180288461538461 0.5504807692307693 0.09615384615384616 0.08413461538461539
0 0.47836538461538464 0.5096153846153846 0.04447115384615385 0.057692307692307696
0 0.4254807692307692 0.5300480769230769 0.07932692307692307 0.08653846153846154
0 0.36778846153846156 0.6009615384615384 0.08653846153846154 0.12860576923076922
0 0.5420673076923077 0.5324519230769231 0.06129807692307692 0.078125
0 0.35336538461538464 0.4879807692307692 0.10697115384615384 0.15625
0 0.6730769230769231 0.5997596153846154 0.12620192307692307 0.140625
0 0.7584134615384616 0.6574519230769231 0.17548076923076922 0.1971153846153846
0 0.3004807692307692 0.49278846153846156 0.0625 0.15625
0 0.3293269230769231 0.6466346153846154 0.17307692307692307 0.18389423076923078
0 0.5817307692307693 0.5504807692307693 0.32211538461538464 0.140625