0 0.4723557692307692 0.59375 0.33413461538461536 0.5829326923076923
0 0.7247596153846154 0.5961538461538461 0.026442307692307692 0.09735576923076923
0 0.7560096153846154 0.5841346153846154 0.02403846153846154 0.09375
0 0.8449519230769231 0.5877403846153846 0.027644230769230768 0.08653846153846154
0 0.7896634615384616 0.5661057692307693 0.014423076923076924 0.05889423076923077
0 0.9098557692307693 0.5637019230769231 0.0673076923076923 0.140625
0 0.8942307692307693 0.5697115384615384 0.014423076923076924 0.052884615384615384
0 0.7728365384615384 0.5805288461538461 0.020432692307692308 0.10576923076923077
0 0.18870192307692307 0.5793269230769231 0.03485576923076923 0.07451923076923077
0 0.23076923076923078 0.5685096153846154 0.015625 0.0673076923076923
0 0.7067307692307693 0.5697115384615384 0.020432692307692308 0.0625
0 0.6814903846153846 0.578125 0.020432692307692308 0.042067307692307696
0 0.8810096153846154 0.578125 0.025240384615384616 0.055288461538461536
0 0.4579326923076923 0.5733173076923077 0.8341346153846154 0.078125