0 0.2956730769230769 0.4567307692307692 0.15264423076923078 0.4074519230769231
0 0.5 0.3473557692307692 0.12860576923076922 0.17668269230769232
0 0.7451923076923077 0.4579326923076923 0.11298076923076923 0.27524038461538464
0 0.6706730769230769 0.49278846153846156 0.03125 0.14903846153846154
0 0.6177884615384616 0.46033653846153844 0.03245192307692308 0.1814903846153846
0 0.7067307692307693 0.42788461538461536 0.055288461538461536 0.0625
0 0.7163461538461539 0.5 0.038461538461538464 0.15264423076923078
0 0.6634615384615384 0.42788461538461536 0.03125 0.09254807692307693
0 0.5901442307692307 0.45552884615384615 0.03485576923076923 0.171875
0 0.6947115384615384 0.4735576923076923 0.037259615384615384 0.20192307692307693
0 0.6322115384615384 0.4567307692307692 0.046875 0.20192307692307693
0 0.9411057692307693 0.49038461538461536 0.03485576923076923 0.30288461538461536
0 0.9591346153846154 0.5060096153846154 0.0625 0.3004807692307692
0 0.5516826923076923 0.5096153846153846 0.8341346153846154 0.30528846153846156