0 0.2127403846153846 0.6165865384615384 0.10576923076923077 0.29086538461538464
0 0.078125 0.6021634615384616 0.06009615384615385 0.3629807692307692
0 0.7944711538461539 0.5661057692307693 0.03365384615384615 0.17668269230769232
0 0.3016826923076923 0.4855769230769231 0.04447115384615385 0.06850961538461539
0 0.5769230769230769 0.5060096153846154 0.054086538461538464 0.12860576923076922
0 0.7019230769230769 0.5853365384615384 0.04447115384615385 0.2403846153846154
0 0.8293269230769231 0.4891826923076923 0.038461538461538464 0.07211538461538461
0 0.625 0.5841346153846154 0.09375 0.29086538461538464
0 0.6670673076923077 0.578125 0.04567307692307692 0.27283653846153844
0 0.02283653846153846 0.5901442307692307 0.04567307692307692 0.375
0 0.23677884615384615 0.49278846153846156 0.026442307692307692 0.078125
0 0.484375 0.5769230769230769 0.015625 0.036057692307692304
0 0.3894230769230769 0.5805288461538461 0.04807692307692308 0.08653846153846154