0 0.3786057692307692 0.6033653846153846 0.17067307692307693 0.5685096153846154
0 0.6814903846153846 0.5925480769230769 0.10817307692307693 0.42788461538461536
0 0.7463942307692307 0.5480769230769231 0.0673076923076923 0.328125
0 0.9122596153846154 0.5132211538461539 0.10817307692307693 0.33653846153846156
0 0.9158653846153846 0.7596153846153846 0.1658653846153846 0.4651442307692308
0 0.5865384615384616 0.49278846153846156 0.046875 0.15264423076923078
0 0.8317307692307693 0.4675480769230769 0.06971153846153846 0.1814903846153846
0 0.49278846153846156 0.5132211538461539 0.042067307692307696 0.1310096153846154
0 0.4699519230769231 0.49399038461538464 0.021634615384615384 0.08653846153846154
0 0.5144230769230769 0.49158653846153844 0.040865384615384616 0.11298076923076923
0 0.7800480769230769 0.47836538461538464 0.040865384615384616 0.171875
0 0.9302884615384616 0.4543269230769231 0.13581730769230768 0.2848557692307692
0 0.6322115384615384 0.4879807692307692 0.042067307692307696 0.12139423076923077