0 0.6322115384615384 0.35096153846153844 0.4639423076923077 0.22956730769230768
0 0.3786057692307692 0.6670673076923077 0.04567307692307692 0.040865384615384616
0 0.5564903846153846 0.640625 0.027644230769230768 0.052884615384615384
0 0.5757211538461539 0.6358173076923077 0.019230769230769232 0.056490384615384616
0 0.9098557692307693 0.6622596153846154 0.03125 0.019230769230769232
0 0.8233173076923077 0.6442307692307693 0.026442307692307692 0.057692307692307696
0 0.8786057692307693 0.6622596153846154 0.027644230769230768 0.014423076923076924
0 0.9338942307692307 0.6670673076923077 0.019230769230769232 0.021634615384615384
0 0.7716346153846154 0.6742788461538461 0.04326923076923077 0.0673076923076923
0 0.17668269230769232 0.5612980769230769 0.22355769230769232 0.27403846153846156
0 0.24639423076923078 0.40384615384615385 0.037259615384615384 0.03245192307692308
0 0.96875 0.6778846153846154 0.026442307692307692 0.02403846153846154
0 0.7908653846153846 0.6430288461538461 0.026442307692307692 0.057692307692307696
0 0.5384615384615384 0.5132211538461539 0.9182692307692307 0.3581730769230769