0 0.31490384615384615 0.84375 0.016826923076923076 0.025240384615384616
0 0.7439903846153846 0.8497596153846154 0.025240384615384616 0.051682692307692304
0 0.4879807692307692 0.7307692307692307 0.010817307692307692 0.039663461538461536
0 0.3557692307692308 0.7007211538461539 0.009615384615384616 0.03245192307692308
0 0.12259615384615384 0.8461538461538461 0.020432692307692308 0.0673076923076923
0 0.5180288461538461 0.8713942307692307 0.026442307692307692 0.051682692307692304
0 0.9170673076923077 0.8293269230769231 0.019230769230769232 0.038461538461538464
0 0.5036057692307693 0.734375 0.009615384615384616 0.038461538461538464
0 0.5012019230769231 0.8569711538461539 0.027644230769230768 0.04807692307692308
0 0.46634615384615385 0.8713942307692307 0.038461538461538464 0.057692307692307696
0 0.16346153846153846 0.8533653846153846 0.015625 0.04927884615384615
0 0.046875 0.8389423076923077 0.021634615384615384 0.020432692307692308
0 0.49759615384615385 0.7295673076923077 0.007211538461538462 0.04447115384615385
0 0.31009615384615385 0.7608173076923077 0.16346153846153846 0.15625