0 0.8858173076923077 0.18389423076923078 0.07211538461538461 0.140625
0 0.5480769230769231 0.5877403846153846 0.2776442307692308 0.6490384615384616
0 0.8173076923076923 0.2932692307692308 0.09014423076923077 0.30528846153846156
0 0.6322115384615384 0.24278846153846154 0.20192307692307693 0.4387019230769231
0 0.4266826923076923 0.27163461538461536 0.12139423076923077 0.2283653846153846
0 0.3870192307692308 0.18629807692307693 0.14423076923076922 0.3389423076923077
0 0.19230769230769232 0.3016826923076923 0.140625 0.31850961538461536
0 0.71875 0.6105769230769231 0.2848557692307692 0.6502403846153846
0 0.359375 0.5817307692307693 0.30288461538461536 0.7536057692307693
0 0.8665865384615384 0.34975961538461536 0.20192307692307693 0.23918269230769232
0 0.1201923076923077 0.14302884615384615 0.10576923076923077 0.2512019230769231
0 0.21995192307692307 0.1502403846153846 0.10817307692307693 0.25
0 0.039663461538461536 0.30649038461538464 0.051682692307692304 0.24519230769230768
0 0.5612980769230769 0.3858173076923077 0.8725961538461539 0.7716346153846154