0 0.9254807692307693 0.31971153846153844 0.09495192307692307 0.32091346153846156
0 0.9134615384615384 0.14182692307692307 0.025240384615384616 0.08173076923076923
0 0.5048076923076923 0.17908653846153846 0.08173076923076923 0.08653846153846154
0 0.9002403846153846 0.15144230769230768 0.019230769230769232 0.030048076923076924
0 0.8112980769230769 0.17067307692307693 0.016826923076923076 0.037259615384615384
0 0.8004807692307693 0.19471153846153846 0.05048076923076923 0.0889423076923077
0 0.25841346153846156 0.19471153846153846 0.026442307692307692 0.042067307692307696
0 0.8846153846153846 0.13701923076923078 0.019230769230769232 0.06850961538461539
0 0.8028846153846154 0.13942307692307693 0.019230769230769232 0.039663461538461536
0 0.9362980769230769 0.1346153846153846 0.026442307692307692 0.07692307692307693
0 0.41947115384615385 0.14903846153846154 0.020432692307692308 0.07211538461538461
0 0.8389423076923077 0.15384615384615385 0.021634615384615384 0.06850961538461539
0 0.1502403846153846 0.5108173076923077 0.17668269230769232 0.9134615384615384
0 0.4723557692307692 0.19591346153846154 0.9110576923076923 0.22235576923076922