0 0.2668269230769231 0.5060096153846154 0.19831730769230768 0.3713942307692308
0 0.4879807692307692 0.5769230769230769 0.1658653846153846 0.4987980769230769
0 0.2800480769230769 0.3076923076923077 0.04807692307692308 0.06370192307692307
0 0.2247596153846154 0.4026442307692308 0.0985576923076923 0.2403846153846154
0 0.8737980769230769 0.3942307692307692 0.09375 0.328125
0 0.9362980769230769 0.4567307692307692 0.1141826923076923 0.3485576923076923
0 0.0829326923076923 0.46033653846153844 0.078125 0.14182692307692307
0 0.8245192307692307 0.3918269230769231 0.06610576923076923 0.18870192307692307
0 0.5997596153846154 0.5036057692307693 0.037259615384615384 0.09975961538461539
0 0.5108173076923077 0.47596153846153844 0.3473557692307692 0.13701923076923078
0 0.5685096153846154 0.421875 0.0733173076923077 0.20793269230769232
0 0.3317307692307692 0.39903846153846156 0.0673076923076923 0.140625