0 0.5324519230769231 0.7427884615384616 0.1310096153846154 0.3870192307692308
0 0.9362980769230769 0.6394230769230769 0.10336538461538461 0.5204326923076923
0 0.26802884615384615 0.7439903846153846 0.11778846153846154 0.34375
0 0.17307692307692307 0.7403846153846154 0.12620192307692307 0.35336538461538464
0 0.09014423076923077 0.5637019230769231 0.10096153846153846 0.3401442307692308
0 0.18509615384615385 0.49038461538461536 0.0829326923076923 0.2403846153846154
0 0.2692307692307692 0.5132211538461539 0.08774038461538461 0.24519230769230768
0 0.3581730769230769 0.5288461538461539 0.078125 0.2824519230769231
0 0.4254807692307692 0.7572115384615384 0.12860576923076922 0.33653846153846156
0 0.08774038461538461 0.7740384615384616 0.109375 0.31850961538461536
0 0.6658653846153846 0.7548076923076923 0.1201923076923077 0.3762019230769231
0 0.5372596153846154 0.5276442307692307 0.09375 0.3269230769230769
0 0.359375 0.7704326923076923 0.10336538461538461 0.3161057692307692
0 0.5096153846153846 0.4879807692307692 0.9206730769230769 0.8798076923076923