0 0.7379807692307693 0.5060096153846154 0.3425480769230769 0.984375
0 0.4855769230769231 0.6009615384615384 0.33653846153846156 0.7463942307692307
0 0.23677884615384615 0.6177884615384616 0.036057692307692304 0.06610576923076923
0 0.14423076923076922 0.6658653846153846 0.020432692307692308 0.078125
0 0.06370192307692307 0.6550480769230769 0.09735576923076923 0.3016826923076923
0 0.10096153846153846 0.6237980769230769 0.03485576923076923 0.09014423076923077
0 0.21514423076923078 0.6490384615384616 0.020432692307692308 0.0673076923076923
0 0.32091346153846156 0.7091346153846154 0.038461538461538464 0.07932692307692307
0 0.2932692307692308 0.6875 0.03245192307692308 0.10817307692307693
0 0.265625 0.6730769230769231 0.037259615384615384 0.16706730769230768
0 0.33413461538461536 0.65625 0.05048076923076923 0.17668269230769232
0 0.8954326923076923 0.6358173076923077 0.140625 0.484375
0 0.1814903846153846 0.6730769230769231 0.042067307692307696 0.10817307692307693
0 0.30528846153846156 0.6574519230769231 0.6045673076923077 0.21514423076923078