0 0.46153846153846156 0.19110576923076922 0.04807692307692308 0.17307692307692307
0 0.5372596153846154 0.22115384615384615 0.12620192307692307 0.2704326923076923
0 0.17668269230769232 0.20673076923076922 0.1310096153846154 0.2127403846153846
0 0.046875 0.2127403846153846 0.08173076923076923 0.23798076923076922
0 0.35096153846153844 0.20793269230769232 0.07692307692307693 0.11658653846153846
0 0.8473557692307693 0.16105769230769232 0.06610576923076923 0.11057692307692307
0 0.7091346153846154 0.24759615384615385 0.06971153846153846 0.20432692307692307
0 0.8762019230769231 0.40625 0.2439903846153846 0.8040865384615384
0 0.43149038461538464 0.18629807692307693 0.046875 0.15625
0 0.3858173076923077 0.15985576923076922 0.052884615384615384 0.1502403846153846
0 0.8497596153846154 0.2536057692307692 0.12620192307692307 0.2980769230769231
0 0.5036057692307693 0.1502403846153846 0.04567307692307692 0.10817307692307693
0 0.2620192307692308 0.18509615384615385 0.04326923076923077 0.16706730769230768
0 0.3894230769230769 0.24759615384615385 0.6153846153846154 0.28725961538461536