0 0.5456730769230769 0.44711538461538464 0.07932692307692307 0.24278846153846154
0 0.859375 0.4807692307692308 0.11298076923076923 0.2644230769230769
0 0.17668269230769232 0.5108173076923077 0.01201923076923077 0.04567307692307692
0 0.14182692307692307 0.48197115384615385 0.015625 0.03125
0 0.07692307692307693 0.5132211538461539 0.051682692307692304 0.11538461538461539
0 0.6502403846153846 0.5120192307692307 0.009615384615384616 0.027644230769230768
0 0.7091346153846154 0.4543269230769231 0.01201923076923077 0.03125
0 0.40024038461538464 0.4699519230769231 0.0673076923076923 0.203125
0 0.25600961538461536 0.5769230769230769 0.042067307692307696 0.17668269230769232
0 0.23557692307692307 0.4375 0.021634615384615384 0.05889423076923077
0 0.9783653846153846 0.7475961538461539 0.040865384615384616 0.078125
0 0.3293269230769231 0.4362980769230769 0.010817307692307692 0.06129807692307692
0 0.9471153846153846 0.9230769230769231 0.10336538461538461 0.14903846153846154
0 0.4987980769230769 0.5528846153846154 0.9975961538461539 0.3076923076923077