0 0.3713942307692308 0.5913461538461539 0.10096153846153846 0.39663461538461536
0 0.7992788461538461 0.2403846153846154 0.03245192307692308 0.0625
0 0.9411057692307693 0.21514423076923078 0.037259615384615384 0.056490384615384616
0 0.6045673076923077 0.27884615384615385 0.025240384615384616 0.05889423076923077
0 0.21514423076923078 0.25841346153846156 0.07451923076923077 0.08413461538461539
0 0.07692307692307693 0.24639423076923078 0.052884615384615384 0.08173076923076923
0 0.040865384615384616 0.24879807692307693 0.037259615384615384 0.08653846153846154
0 0.6117788461538461 0.11899038461538461 0.06370192307692307 0.07451923076923077
0 0.7067307692307693 0.25600961538461536 0.040865384615384616 0.05889423076923077
0 0.8701923076923077 0.23317307692307693 0.03485576923076923 0.05048076923076923
0 0.9266826923076923 0.11899038461538461 0.040865384615384616 0.07451923076923077
0 0.1622596153846154 0.30649038461538464 0.03245192307692308 0.046875
0 0.4987980769230769 0.17307692307692307 0.9975961538461539 0.34615384615384615