0 0.2512019230769231 0.4387019230769231 0.15745192307692307 0.5913461538461539
0 0.6838942307692307 0.40625 0.3088942307692308 0.7788461538461539
0 0.16947115384615385 0.3798076923076923 0.057692307692307696 0.22115384615384615
0 0.08774038461538461 0.36778846153846156 0.04567307692307692 0.18028846153846154
0 0.052884615384615384 0.2980769230769231 0.10576923076923077 0.328125
0 0.36658653846153844 0.4543269230769231 0.057692307692307696 0.19471153846153846
0 0.7764423076923077 0.7463942307692307 0.03485576923076923 0.1310096153846154
0 0.8197115384615384 0.7680288461538461 0.042067307692307696 0.1310096153846154
0 0.9651442307692307 0.8713942307692307 0.036057692307692304 0.051682692307692304
0 0.013221153846153846 0.3004807692307692 0.026442307692307692 0.140625
0 0.13221153846153846 0.4026442307692308 0.03485576923076923 0.14783653846153846
0 0.6826923076923077 0.6646634615384616 0.052884615384615384 0.21153846153846154
0 0.9146634615384616 0.8461538461538461 0.026442307692307692 0.039663461538461536
0 0.6766826923076923 0.4338942307692308 0.6033653846153846 0.8401442307692307