0 0.125 0.7536057692307693 0.019230769230769232 0.06971153846153846
0 0.2536057692307692 0.7596153846153846 0.021634615384615384 0.09615384615384616
0 0.23197115384615385 0.7391826923076923 0.014423076923076924 0.06370192307692307
0 0.17067307692307693 0.7620192307692307 0.020432692307692308 0.11899038461538461
0 0.07692307692307693 0.7235576923076923 0.025240384615384616 0.03245192307692308
0 0.18870192307692307 0.7680288461538461 0.016826923076923076 0.10817307692307693
0 0.21394230769230768 0.7596153846153846 0.021634615384615384 0.10576923076923077
0 0.2403846153846154 0.7524038461538461 0.019230769230769232 0.10096153846153846
0 0.27403846153846156 0.7524038461538461 0.025240384615384616 0.11057692307692307
0 0.3942307692307692 0.7403846153846154 0.015625 0.06610576923076923
0 0.4026442307692308 0.7415865384615384 0.009615384615384616 0.030048076923076924
0 0.9519230769230769 0.5456730769230769 0.026442307692307692 0.037259615384615384
0 0.5540865384615384 0.7752403846153846 0.057692307692307696 0.10336538461538461
0 0.21153846153846154 0.7548076923076923 0.33653846153846156 0.11899038461538461