0 0.1622596153846154 0.4891826923076923 0.03485576923076923 0.08173076923076923
0 0.21754807692307693 0.4855769230769231 0.019230769230769232 0.07451923076923077
0 0.18629807692307693 0.4891826923076923 0.016826923076923076 0.0733173076923077
0 0.13221153846153846 0.5048076923076923 0.009615384615384616 0.051682692307692304
0 0.4987980769230769 0.4735576923076923 0.037259615384615384 0.09615384615384616
0 0.6850961538461539 0.46875 0.036057692307692304 0.07692307692307693
0 0.45913461538461536 0.47475961538461536 0.015625 0.09615384615384616
0 0.3485576923076923 0.4855769230769231 0.015625 0.06610576923076923
0 0.24879807692307693 0.49038461538461536 0.010817307692307692 0.042067307692307696
0 0.12740384615384615 0.4987980769230769 0.020432692307692308 0.07692307692307693
0 0.31009615384615385 0.4699519230769231 0.020432692307692308 0.042067307692307696
0 0.0985576923076923 0.49278846153846156 0.025240384615384616 0.07091346153846154
0 0.48677884615384615 0.46153846153846156 0.014423076923076924 0.06370192307692307
0 0.5913461538461539 0.5024038461538461 0.6574519230769231 0.2247596153846154