0 0.5132211538461539 0.4014423076923077 0.24278846153846154 0.5408653846153846
0 0.3762019230769231 0.5853365384615384 0.04567307692307692 0.18870192307692307
0 0.34134615384615385 0.5817307692307693 0.04807692307692308 0.1971153846153846
0 0.25 0.5865384615384616 0.03485576923076923 0.1875
0 0.2920673076923077 0.5877403846153846 0.052884615384615384 0.18028846153846154
0 0.6790865384615384 0.5829326923076923 0.04567307692307692 0.17307692307692307
0 0.7283653846153846 0.5793269230769231 0.04567307692307692 0.18028846153846154
0 0.6298076923076923 0.5889423076923077 0.040865384615384616 0.17067307692307693
0 0.484375 0.5817307692307693 0.05048076923076923 0.18389423076923078
0 0.5168269230769231 0.5721153846153846 0.03125 0.16105769230769232
0 0.7572115384615384 0.5901442307692307 0.02403846153846154 0.15504807692307693
0 0.5841346153846154 0.6394230769230769 0.04807692307692308 0.08653846153846154
0 0.4110576923076923 0.5769230769230769 0.027644230769230768 0.1971153846153846
0 0.6730769230769231 0.5853365384615384 0.1658653846153846 0.20432692307692307