0 0.34975961538461536 0.5396634615384616 0.24519230769230768 0.9158653846153846
0 0.5721153846153846 0.16466346153846154 0.11298076923076923 0.1814903846153846
0 0.4699519230769231 0.14903846153846154 0.10817307692307693 0.1622596153846154
0 0.7692307692307693 0.49278846153846156 0.2247596153846154 0.6298076923076923
0 0.6502403846153846 0.44711538461538464 0.2764423076923077 0.6322115384615384
0 0.29086538461538464 0.07932692307692307 0.09254807692307693 0.15745192307692307
0 0.9639423076923077 0.2692307692307692 0.06850961538461539 0.2668269230769231
0 0.11778846153846154 0.18028846153846154 0.057692307692307696 0.3605769230769231
0 0.4182692307692308 0.09615384615384616 0.038461538461538464 0.10817307692307693
0 0.6334134615384616 0.10576923076923077 0.06370192307692307 0.10336538461538461
0 0.36899038461538464 0.09615384615384616 0.06971153846153846 0.19230769230769232
0 0.1935096153846154 0.22115384615384615 0.12259615384615384 0.4423076923076923
0 0.8629807692307693 0.3112980769230769 0.21514423076923078 0.3088942307692308