0 0.41225961538461536 0.5444711538461539 0.2608173076923077 0.8737980769230769
0 0.2800480769230769 0.47115384615384615 0.22235576923076922 0.8293269230769231
0 0.7259615384615384 0.6201923076923077 0.10336538461538461 0.375
0 0.8064903846153846 0.6009615384615384 0.0985576923076923 0.421875
0 0.9567307692307693 0.5757211538461539 0.06370192307692307 0.15504807692307693
0 0.8846153846153846 0.6009615384615384 0.07211538461538461 0.4266826923076923
0 0.025240384615384616 0.6682692307692307 0.03125 0.14903846153846154
0 0.06129807692307692 0.6682692307692307 0.037259615384615384 0.14423076923076922
0 0.1658653846153846 0.5240384615384616 0.055288461538461536 0.125
0 0.09495192307692307 0.6490384615384616 0.046875 0.10817307692307693
0 0.038461538461538464 0.6658653846153846 0.02403846153846154 0.15264423076923078