0 0.5552884615384616 0.6141826923076923 0.13942307692307693 0.5204326923076923
0 0.24639423076923078 0.4519230769230769 0.12620192307692307 0.1502403846153846
0 0.33413461538461536 0.48677884615384615 0.06129807692307692 0.17067307692307693
0 0.43028846153846156 0.5612980769230769 0.1045673076923077 0.22355769230769232
0 0.8966346153846154 0.6574519230769231 0.11298076923076923 0.609375
0 0.7752403846153846 0.5661057692307693 0.13581730769230768 0.2283653846153846
0 0.6286057692307693 0.4795673076923077 0.038461538461538464 0.109375
0 0.5252403846153846 0.4074519230769231 0.03485576923076923 0.08774038461538461
0 0.23557692307692307 0.5216346153846154 0.10576923076923077 0.21394230769230768
0 0.9651442307692307 0.5769230769230769 0.06610576923076923 0.5685096153846154
0 0.09615384615384616 0.4543269230769231 0.07211538461538461 0.21394230769230768
0 0.47716346153846156 0.4987980769230769 0.06971153846153846 0.16706730769230768
0 0.3786057692307692 0.4543269230769231 0.03485576923076923 0.06610576923076923