0 0.515625 0.6081730769230769 0.4495192307692308 0.7776442307692307
0 0.9338942307692307 0.5564903846153846 0.056490384615384616 0.15985576923076922
0 0.16947115384615385 0.2704326923076923 0.042067307692307696 0.0733173076923077
0 0.3401442307692308 0.28125 0.06129807692307692 0.11298076923076923
0 0.8377403846153846 0.5853365384615384 0.078125 0.10817307692307693
0 0.2848557692307692 0.3449519230769231 0.06610576923076923 0.1310096153846154
0 0.6177884615384616 0.2668269230769231 0.057692307692307696 0.0985576923076923
0 0.5528846153846154 0.140625 0.06610576923076923 0.15504807692307693
0 0.3786057692307692 0.6057692307692307 0.08173076923076923 0.07932692307692307
0 0.09615384615384616 0.3894230769230769 0.055288461538461536 0.09735576923076923
0 0.22956730769230768 0.43149038461538464 0.05889423076923077 0.16706730769230768
0 0.038461538461538464 0.46153846153846156 0.057692307692307696 0.13581730769230768
0 0.8137019230769231 0.5168269230769231 0.06370192307692307 0.0985576923076923
0 0.5 0.34975961538461536 0.9963942307692307 0.6983173076923077