0 0.6189903846153846 0.3076923076923077 0.06129807692307692 0.1502403846153846
0 0.4963942307692308 0.3557692307692308 0.0625 0.11057692307692307
0 0.4326923076923077 0.3737980769230769 0.06610576923076923 0.07932692307692307
0 0.36899038461538464 0.3401442307692308 0.056490384615384616 0.0985576923076923
0 0.4723557692307692 0.30408653846153844 0.055288461538461536 0.18629807692307693
0 0.10576923076923077 0.19831730769230768 0.010817307692307692 0.04567307692307692
0 0.41586538461538464 0.31971153846153844 0.06370192307692307 0.11538461538461539
0 0.14903846153846154 0.4483173076923077 0.10336538461538461 0.5552884615384616
0 0.08653846153846154 0.31971153846153844 0.05889423076923077 0.1814903846153846
0 0.11057692307692307 0.5504807692307693 0.055288461538461536 0.33653846153846156
0 0.027644230769230768 0.38100961538461536 0.05048076923076923 0.2932692307692308
0 0.37259615384615385 0.2776442307692308 0.06971153846153846 0.1658653846153846