0 0.1346153846153846 0.17548076923076922 0.10817307692307693 0.12860576923076922
0 0.9146634615384616 0.8257211538461539 0.08173076923076923 0.11298076923076923
0 0.5588942307692307 0.8317307692307693 0.08173076923076923 0.09975961538461539
0 0.5048076923076923 0.4567307692307692 0.140625 0.14903846153846154
0 0.30528846153846156 0.49759615384615385 0.078125 0.08413461538461539
0 0.39663461538461536 0.5024038461538461 0.03245192307692308 0.05889423076923077
0 0.18629807692307693 0.47475961538461536 0.13221153846153846 0.1045673076923077
0 0.20072115384615385 0.8365384615384616 0.09014423076923077 0.10336538461538461
0 0.8689903846153846 0.484375 0.15985576923076922 0.13221153846153846
0 0.7283653846153846 0.8329326923076923 0.03245192307692308 0.0625
0 0.7247596153846154 0.171875 0.030048076923076924 0.06129807692307692
0 0.47596153846153844 0.1502403846153846 0.1141826923076923 0.17067307692307693
0 0.9326923076923077 0.17307692307692307 0.08774038461538461 0.08653846153846154
0 0.4651442307692308 0.4795673076923077 0.8894230769230769 0.7848557692307693