0 0.27163461538461536 0.5168269230769231 0.23557692307692307 0.5096153846153846
0 0.5276442307692307 0.39663461538461536 0.12620192307692307 0.4206730769230769
0 0.9447115384615384 0.24278846153846154 0.010817307692307692 0.056490384615384616
0 0.008413461538461538 0.35096153846153844 0.016826923076923076 0.036057692307692304
0 0.796875 0.25600961538461536 0.009615384615384616 0.04807692307692308
0 0.8233173076923077 0.27163461538461536 0.021634615384615384 0.055288461538461536
0 0.9134615384615384 0.25 0.026442307692307692 0.0985576923076923
0 0.29086538461538464 0.5444711538461539 0.3870192307692308 0.38221153846153844
0 0.8737980769230769 0.2536057692307692 0.021634615384615384 0.05048076923076923
0 0.3137019230769231 0.2764423076923077 0.014423076923076924 0.038461538461538464
0 0.30288461538461536 0.27884615384615385 0.014423076923076924 0.038461538461538464
0 0.8221153846153846 0.23798076923076922 0.010817307692307692 0.038461538461538464
0 0.9543269230769231 0.24278846153846154 0.010817307692307692 0.06129807692307692