0 0.7067307692307693 0.875 0.31971153846153844 0.22115384615384615
0 0.39903846153846156 0.3858173076923077 0.1971153846153846 0.25
0 0.6502403846153846 0.3161057692307692 0.038461538461538464 0.08533653846153846
0 0.6995192307692307 0.328125 0.06610576923076923 0.15264423076923078
0 0.49278846153846156 0.28846153846153844 0.046875 0.06009615384615385
0 0.5865384615384616 0.3245192307692308 0.07211538461538461 0.14182692307692307
0 0.4170673076923077 0.2704326923076923 0.05048076923076923 0.054086538461538464
0 0.03365384615384615 0.2956730769230769 0.06610576923076923 0.12139423076923077
0 0.9375 0.30528846153846156 0.025240384615384616 0.03125
0 0.7584134615384616 0.296875 0.04447115384615385 0.06009615384615385
0 0.8846153846153846 0.3088942307692308 0.030048076923076924 0.028846153846153848
0 0.8629807692307693 0.3004807692307692 0.025240384615384616 0.039663461538461536