0 0.6514423076923077 0.5552884615384616 0.15264423076923078 0.4254807692307692
0 0.5060096153846154 0.34975961538461536 0.014423076923076924 0.027644230769230768
0 0.8509615384615384 0.42908653846153844 0.05889423076923077 0.1971153846153846
0 0.9759615384615384 0.41466346153846156 0.04567307692307692 0.14783653846153846
0 0.1778846153846154 0.6033653846153846 0.22235576923076922 0.7560096153846154
0 0.08173076923076923 0.5480769230769231 0.07932692307692307 0.5420673076923077
0 0.06129807692307692 0.3605769230769231 0.030048076923076924 0.0733173076923077
0 0.26322115384615385 0.4879807692307692 0.06971153846153846 0.36658653846153844
0 0.8966346153846154 0.4266826923076923 0.03485576923076923 0.16466346153846154
0 0.026442307692307692 0.5 0.052884615384615384 0.34134615384615385
0 0.8088942307692307 0.41466346153846156 0.03125 0.1622596153846154
0 0.5396634615384616 0.35096153846153844 0.010817307692307692 0.030048076923076924
0 0.7788461538461539 0.38221153846153844 0.014423076923076924 0.06129807692307692
0 0.4879807692307692 0.4411057692307692 0.9098557692307693 0.21634615384615385