0 0.5757211538461539 0.10216346153846154 0.09375 0.20432692307692307
0 0.11899038461538461 0.8173076923076923 0.23798076923076922 0.3389423076923077
0 0.40024038461538464 0.8834134615384616 0.2439903846153846 0.22716346153846154
0 0.6225961538461539 0.7247596153846154 0.08653846153846154 0.12740384615384615
0 0.6754807692307693 0.7944711538461539 0.30649038461538464 0.3737980769230769
0 0.8185096153846154 0.828125 0.20793269230769232 0.29086538461538464
0 0.9735576923076923 0.6598557692307693 0.05048076923076923 0.34375
0 0.29927884615384615 0.7692307692307693 0.2776442307692308 0.44591346153846156
0 0.4182692307692308 0.11298076923076923 0.09615384615384616 0.18389423076923078
0 0.6766826923076923 0.6634615384615384 0.12259615384615384 0.17548076923076922
0 0.7307692307692307 0.037259615384615384 0.06971153846153846 0.07451923076923077