0 0.5745192307692307 0.7007211538461539 0.04326923076923077 0.11778846153846154
0 0.6682692307692307 0.7019230769230769 0.06129807692307692 0.11899038461538461
0 0.38100961538461536 0.6887019230769231 0.030048076923076924 0.09495192307692307
0 0.35096153846153844 0.6875 0.036057692307692304 0.06850961538461539
0 0.46875 0.6682692307692307 0.030048076923076924 0.055288461538461536
0 0.9879807692307693 0.65625 0.021634615384615384 0.046875
0 0.44711538461538464 0.6730769230769231 0.02403846153846154 0.042067307692307696
0 0.43509615384615385 0.6658653846153846 0.021634615384615384 0.06129807692307692
0 0.3137019230769231 0.6887019230769231 0.036057692307692304 0.06610576923076923
0 0.3161057692307692 0.65625 0.025240384615384616 0.027644230769230768
0 0.5384615384615384 0.6622596153846154 0.019230769230769232 0.042067307692307696
0 0.5456730769230769 0.6478365384615384 0.01201923076923077 0.020432692307692308
0 0.8257211538461539 0.7379807692307693 0.0733173076923077 0.19471153846153846
0 0.6237980769230769 0.6598557692307693 0.36899038461538464 0.051682692307692304