0 0.2091346153846154 0.6117788461538461 0.24879807692307693 0.7692307692307693
0 0.3016826923076923 0.5144230769230769 0.1466346153846154 0.4579326923076923
0 0.6418269230769231 0.6009615384615384 0.0889423076923077 0.3858173076923077
0 0.4254807692307692 0.6213942307692307 0.13942307692307693 0.4182692307692308
0 0.828125 0.6598557692307693 0.2403846153846154 0.65625
0 0.7307692307692307 0.6382211538461539 0.14182692307692307 0.5348557692307693
0 0.5588942307692307 0.5528846153846154 0.078125 0.2980769230769231
0 0.4963942307692308 0.4723557692307692 0.056490384615384616 0.2127403846153846
0 0.9338942307692307 0.6646634615384616 0.09254807692307693 0.5420673076923077
0 0.5877403846153846 0.4567307692307692 0.03245192307692308 0.12139423076923077
0 0.06129807692307692 0.4879807692307692 0.04567307692307692 0.18509615384615385
0 0.06370192307692307 0.5637019230769231 0.08653846153846154 0.3605769230769231
0 0.5288461538461539 0.47596153846153844 0.04807692307692308 0.14783653846153846
0 0.4951923076923077 0.4699519230769231 0.9903846153846154 0.4206730769230769