0 0.3798076923076923 0.5420673076923077 0.15264423076923078 0.40384615384615385
0 0.4110576923076923 0.40865384615384615 0.05889423076923077 0.11658653846153846
0 0.2932692307692308 0.4495192307692308 0.06129807692307692 0.17307692307692307
0 0.6802884615384616 0.41466346153846156 0.056490384615384616 0.15384615384615385
0 0.15745192307692307 0.5456730769230769 0.125 0.375
0 0.24759615384615385 0.44591346153846156 0.0985576923076923 0.1875
0 0.08413461538461539 0.41586538461538464 0.04326923076923077 0.11057692307692307
0 0.038461538461538464 0.4326923076923077 0.038461538461538464 0.09735576923076923
0 0.2620192307692308 0.43028846153846156 0.04567307692307692 0.1310096153846154
0 0.46634615384615385 0.4026442307692308 0.042067307692307696 0.07932692307692307
0 0.44711538461538464 0.4050480769230769 0.05889423076923077 0.09375
0 0.025240384615384616 0.48677884615384615 0.05048076923076923 0.23076923076923078
0 0.8617788461538461 0.4879807692307692 0.15504807692307693 0.33533653846153844