0 0.27163461538461536 0.5949519230769231 0.43149038461538464 0.8064903846153846
0 0.06850961538461539 0.4182692307692308 0.0673076923076923 0.1971153846153846
0 0.9182692307692307 0.34615384615384615 0.06490384615384616 0.04567307692307692
0 0.6490384615384616 0.3293269230769231 0.09134615384615384 0.0625
0 0.6983173076923077 0.3317307692307692 0.08173076923076923 0.0625
0 0.5721153846153846 0.33653846153846156 0.04447115384615385 0.04326923076923077
0 0.2764423076923077 0.39302884615384615 0.1141826923076923 0.14543269230769232
0 0.36899038461538464 0.36778846153846156 0.13701923076923078 0.15985576923076922
0 0.6021634615384616 0.3293269230769231 0.03485576923076923 0.056490384615384616
0 0.5 0.35096153846153844 0.09975961538461539 0.1201923076923077
0 0.019230769230769232 0.4026442307692308 0.037259615384615384 0.15264423076923078
0 0.8341346153846154 0.3293269230769231 0.10697115384615384 0.07211538461538461
0 0.9675480769230769 0.3425480769230769 0.06009615384615385 0.055288461538461536
0 0.47596153846153844 0.38461538461538464 0.9423076923076923 0.12620192307692307