0 0.6442307692307693 0.8161057692307693 0.037259615384615384 0.10817307692307693
0 0.9447115384615384 0.8076923076923077 0.06850961538461539 0.1622596153846154
0 0.5600961538461539 0.8173076923076923 0.05889423076923077 0.10336538461538461
0 0.6213942307692307 0.8137019230769231 0.030048076923076924 0.11538461538461539
0 0.7439903846153846 0.8125 0.06610576923076923 0.11538461538461539
0 0.41346153846153844 0.8473557692307693 0.036057692307692304 0.04326923076923077
0 0.019230769230769232 0.8689903846153846 0.037259615384615384 0.0889423076923077
0 0.8052884615384616 0.8341346153846154 0.078125 0.0673076923076923
0 0.6310096153846154 0.7728365384615384 0.01201923076923077 0.016826923076923076
0 0.59375 0.8233173076923077 0.042067307692307696 0.09375
0 0.40865384615384615 0.8161057692307693 0.030048076923076924 0.06850961538461539
0 0.8377403846153846 0.8137019230769231 0.021634615384615384 0.03485576923076923