0 0.6814903846153846 0.38221153846153844 0.3798076923076923 0.4170673076923077
0 0.203125 0.20192307692307693 0.040865384615384616 0.125
0 0.3137019230769231 0.19591346153846154 0.02403846153846154 0.15144230769230768
0 0.7487980769230769 0.1310096153846154 0.026442307692307692 0.056490384615384616
0 0.7740384615384616 0.1310096153846154 0.02403846153846154 0.06971153846153846
0 0.9158653846153846 0.13942307692307693 0.019230769230769232 0.06850961538461539
0 0.9471153846153846 0.13581730769230768 0.025240384615384616 0.06850961538461539
0 0.6574519230769231 0.13581730769230768 0.025240384615384616 0.051682692307692304
0 0.5408653846153846 0.17307692307692307 0.026442307692307692 0.0985576923076923
0 0.09735576923076923 0.22596153846153846 0.042067307692307696 0.1622596153846154
0 0.04807692307692308 0.21394230769230768 0.051682692307692304 0.19110576923076922