0 0.7355769230769231 0.8870192307692307 0.038461538461538464 0.14182692307692307
0 0.5685096153846154 0.9050480769230769 0.030048076923076924 0.1466346153846154
0 0.5 0.9074519230769231 0.03245192307692308 0.14423076923076922
0 0.4699519230769231 0.9098557692307693 0.03245192307692308 0.13942307692307693
0 0.42788461538461536 0.9098557692307693 0.038461538461538464 0.14423076923076922
0 0.2848557692307692 0.9014423076923077 0.019230769230769232 0.03245192307692308
0 0.6213942307692307 0.8990384615384616 0.030048076923076924 0.1502403846153846
0 0.6646634615384616 0.8918269230769231 0.03485576923076923 0.1466346153846154
0 0.5925480769230769 0.8641826923076923 0.021634615384615384 0.06370192307692307
0 0.53125 0.8557692307692307 0.021634615384615384 0.04807692307692308
0 0.3605769230769231 0.8004807692307693 0.01201923076923077 0.03125
0 0.9350961538461539 0.8473557692307693 0.019230769230769232 0.037259615384615384
0 0.13221153846153846 0.9134615384615384 0.021634615384615384 0.03485576923076923
0 0.5024038461538461 0.8545673076923077 0.9927884615384616 0.27524038461538464