0 0.5504807692307693 0.12740384615384615 0.055288461538461536 0.11057692307692307
0 0.8377403846153846 0.140625 0.08413461538461539 0.17307692307692307
0 0.4987980769230769 0.5829326923076923 0.4230769230769231 0.7776442307692307
0 0.9711538461538461 0.10817307692307693 0.055288461538461536 0.16826923076923078
0 0.8449519230769231 0.08052884615384616 0.04567307692307692 0.1201923076923077
0 0.7776442307692307 0.08413461538461539 0.05048076923076923 0.11778846153846154
0 0.49038461538461536 0.039663461538461536 0.04326923076923077 0.07932692307692307
0 0.7439903846153846 0.0625 0.04567307692307692 0.125
0 0.9086538461538461 0.12620192307692307 0.06370192307692307 0.20192307692307693
0 0.36778846153846156 0.23918269230769232 0.05889423076923077 0.12139423076923077
0 0.30649038461538464 0.22596153846153846 0.038461538461538464 0.15745192307692307
0 0.5 0.5829326923076923 0.4182692307692308 0.7824519230769231