0 0.5288461538461539 0.39903846153846156 0.042067307692307696 0.06610576923076923
0 0.49759615384615385 0.4110576923076923 0.02403846153846154 0.036057692307692304
0 0.47596153846153844 0.40865384615384615 0.025240384615384616 0.04567307692307692
0 0.8725961538461539 0.38461538461538464 0.02403846153846154 0.042067307692307696
0 0.17427884615384615 0.6033653846153846 0.036057692307692304 0.051682692307692304
0 0.4182692307692308 0.4254807692307692 0.020432692307692308 0.03125
0 0.9230769230769231 0.36538461538461536 0.038461538461538464 0.06971153846153846
0 0.4567307692307692 0.4266826923076923 0.01201923076923077 0.014423076923076924
0 0.6274038461538461 0.3942307692307692 0.014423076923076924 0.009615384615384616
0 0.25961538461538464 0.39663461538461536 0.026442307692307692 0.06610576923076923
0 0.9495192307692307 0.3786057692307692 0.016826923076923076 0.038461538461538464
0 0.46634615384615385 0.40384615384615385 0.010817307692307692 0.015625
0 0.3245192307692308 0.4230769230769231 0.015625 0.021634615384615384