0 0.1466346153846154 0.9158653846153846 0.05048076923076923 0.1466346153846154
0 0.7463942307692307 0.8786057692307693 0.046875 0.11538461538461539
0 0.4074519230769231 0.8521634615384616 0.014423076923076924 0.07211538461538461
0 0.36899038461538464 0.8473557692307693 0.014423076923076924 0.056490384615384616
0 0.8617788461538461 0.8245192307692307 0.027644230769230768 0.05889423076923077
0 0.2644230769230769 0.8521634615384616 0.01201923076923077 0.051682692307692304
0 0.09975961538461539 0.9242788461538461 0.06610576923076923 0.1466346153846154
0 0.18028846153846154 0.9098557692307693 0.04326923076923077 0.17668269230769232
0 0.7728365384615384 0.890625 0.03485576923076923 0.07451923076923077
0 0.7848557692307693 0.8774038461538461 0.03485576923076923 0.10096153846153846
0 0.8064903846153846 0.8978365384615384 0.040865384615384616 0.0673076923076923
0 0.46875 0.8473557692307693 0.021634615384615384 0.07451923076923077
0 0.5480769230769231 0.9026442307692307 0.038461538461538464 0.13581730769230768
0 0.4987980769230769 0.8894230769230769 0.9975961538461539 0.21634615384615385