0 0.3317307692307692 0.5096153846153846 0.6622596153846154 0.5865384615384616
0 0.609375 0.33052884615384615 0.09375 0.15264423076923078
0 0.41225961538461536 0.2403846153846154 0.0829326923076923 0.24879807692307693
0 0.8233173076923077 0.17427884615384615 0.021634615384615384 0.04807692307692308
0 0.875 0.16466346153846154 0.019230769230769232 0.052884615384615384
0 0.8076923076923077 0.2668269230769231 0.10576923076923077 0.21754807692307693
0 0.04927884615384615 0.22235576923076922 0.0985576923076923 0.2439903846153846
0 0.7271634615384616 0.36899038461538464 0.10817307692307693 0.1875
0 0.34975961538461536 0.20072115384615385 0.03245192307692308 0.056490384615384616
0 0.6658653846153846 0.1971153846153846 0.08173076923076923 0.16826923076923078
0 0.71875 0.20192307692307693 0.037259615384615384 0.17067307692307693
0 0.21514423076923078 0.25240384615384615 0.04567307692307692 0.10336538461538461
0 0.17067307692307693 0.1658653846153846 0.03125 0.11298076923076923
0 0.5300480769230769 0.21634615384615385 0.9254807692307693 0.2800480769230769