0 0.17908653846153846 0.49278846153846156 0.026442307692307692 0.08533653846153846
0 0.10336538461538461 0.46274038461538464 0.007211538461538462 0.016826923076923076
0 0.12259615384615384 0.5012019230769231 0.02403846153846154 0.1141826923076923
0 0.0829326923076923 0.5024038461538461 0.019230769230769232 0.11658653846153846
0 0.21514423076923078 0.4879807692307692 0.01201923076923077 0.04567307692307692
0 0.0985576923076923 0.4951923076923077 0.015625 0.09375
0 0.15985576923076922 0.4879807692307692 0.019230769230769232 0.07932692307692307
0 0.14182692307692307 0.4879807692307692 0.015625 0.06610576923076923
0 0.109375 0.49038461538461536 0.01201923076923077 0.0733173076923077
0 0.5240384615384616 0.4362980769230769 0.02403846153846154 0.03125
0 0.7836538461538461 0.41225961538461536 0.014423076923076924 0.037259615384615384