0 0.29447115384615385 0.7728365384615384 0.06370192307692307 0.28846153846153844
0 0.359375 0.7740384615384616 0.07211538461538461 0.23677884615384615
0 0.2824519230769231 0.6935096153846154 0.08774038461538461 0.3954326923076923
0 0.2247596153846154 0.6298076923076923 0.04326923076923077 0.24519230769230768
0 0.09375 0.6358173076923077 0.09735576923076923 0.2932692307692308
0 0.40625 0.7079326923076923 0.10576923076923077 0.3701923076923077
0 0.5036057692307693 0.7956730769230769 0.0889423076923077 0.21153846153846154
0 0.7379807692307693 0.7103365384615384 0.10096153846153846 0.390625
0 0.7908653846153846 0.6947115384615384 0.052884615384615384 0.3894230769230769
0 0.8293269230769231 0.7079326923076923 0.08173076923076923 0.35216346153846156
0 0.9026442307692307 0.5661057692307693 0.036057692307692304 0.11057692307692307
0 0.2548076923076923 0.5336538461538461 0.027644230769230768 0.07932692307692307