0 0.13942307692307693 0.7259615384615384 0.13701923076923078 0.5
0 0.5949519230769231 0.828125 0.10576923076923077 0.24879807692307693
0 0.12379807692307693 0.6899038461538461 0.051682692307692304 0.3389423076923077
0 0.7487980769230769 0.6850961538461539 0.10817307692307693 0.5288461538461539
0 0.84375 0.6358173076923077 0.11899038461538461 0.3629807692307692
0 0.08533653846153846 0.6081730769230769 0.042067307692307696 0.20673076923076922
0 0.12620192307692307 0.5108173076923077 0.015625 0.026442307692307692
0 0.046875 0.5480769230769231 0.019230769230769232 0.06850961538461539
0 0.10096153846153846 0.5600961538461539 0.014423076923076924 0.10336538461538461
0 0.014423076923076924 0.5348557692307693 0.010817307692307692 0.04807692307692308
0 0.04326923076923077 0.7764423076923077 0.08653846153846154 0.4423076923076923
0 0.9158653846153846 0.5180288461538461 0.02403846153846154 0.12139423076923077
0 0.4987980769230769 0.5252403846153846 0.9963942307692307 0.1346153846153846