0 0.30528846153846156 0.02403846153846154 0.04326923076923077 0.04807692307692308
0 0.7560096153846154 0.052884615384615384 0.04326923076923077 0.09134615384615384
0 0.6550480769230769 0.07692307692307693 0.021634615384615384 0.056490384615384616
0 0.5108173076923077 0.08653846153846154 0.03125 0.0985576923076923
0 0.35096153846153844 0.0889423076923077 0.036057692307692304 0.1778846153846154
0 0.1875 0.0733173076923077 0.03365384615384615 0.1466346153846154
0 0.7824519230769231 0.055288461538461536 0.020432692307692308 0.054086538461538464
0 0.027644230769230768 0.03365384615384615 0.021634615384615384 0.0673076923076923
0 0.8112980769230769 0.03245192307692308 0.03245192307692308 0.056490384615384616
0 0.35697115384615385 0.19591346153846154 0.12620192307692307 0.14783653846153846
0 0.7019230769230769 0.0733173076923077 0.01201923076923077 0.03485576923076923
0 0.007211538461538462 0.10817307692307693 0.014423076923076924 0.15865384615384615
0 0.14182692307692307 0.07572115384615384 0.04326923076923077 0.15144230769230768
0 0.43028846153846156 0.078125 0.7067307692307693 0.15625