0 0.4206730769230769 0.4567307692307692 0.1502403846153846 0.38341346153846156
0 0.7632211538461539 0.34375 0.055288461538461536 0.20793269230769232
0 0.7956730769230769 0.34615384615384615 0.036057692307692304 0.1875
0 0.2848557692307692 0.2848557692307692 0.04326923076923077 0.07692307692307693
0 0.5456730769230769 0.3004807692307692 0.016826923076923076 0.11298076923076923
0 0.5841346153846154 0.3293269230769231 0.027644230769230768 0.16466346153846154
0 0.47716346153846156 0.2692307692307692 0.016826923076923076 0.10576923076923077
0 0.6466346153846154 0.3137019230769231 0.03485576923076923 0.14423076923076922
0 0.5 0.27884615384615385 0.021634615384615384 0.11538461538461539
0 0.5180288461538461 0.2704326923076923 0.016826923076923076 0.09735576923076923
0 0.5661057692307693 0.33413461538461536 0.021634615384615384 0.14423076923076922
0 0.5432692307692307 0.26322115384615385 0.026442307692307692 0.10576923076923077
0 0.31850961538461536 0.24158653846153846 0.016826923076923076 0.036057692307692304
0 0.4963942307692308 0.35697115384615385 0.9927884615384616 0.4735576923076923