0 0.8088942307692307 0.06129807692307692 0.036057692307692304 0.078125
0 0.7644230769230769 0.05889423076923077 0.019230769230769232 0.055288461538461536
0 0.06129807692307692 0.07211538461538461 0.025240384615384616 0.07932692307692307
0 0.10216346153846154 0.051682692307692304 0.020432692307692308 0.046875
0 0.030048076923076924 0.2644230769230769 0.05889423076923077 0.15625
0 0.9338942307692307 0.06370192307692307 0.025240384615384616 0.11057692307692307
0 0.01201923076923077 0.07692307692307693 0.02403846153846154 0.0889423076923077
0 0.08653846153846154 0.06129807692307692 0.019230769230769232 0.056490384615384616
0 0.6129807692307693 0.055288461538461536 0.020432692307692308 0.05048076923076923
0 0.030048076923076924 0.07692307692307693 0.03125 0.0889423076923077
0 0.7776442307692307 0.056490384615384616 0.010817307692307692 0.055288461538461536
0 0.8894230769230769 0.06129807692307692 0.01201923076923077 0.04326923076923077
0 0.5564903846153846 0.05889423076923077 0.055288461538461536 0.08774038461538461
0 0.5180288461538461 0.14903846153846154 0.9615384615384616 0.2956730769230769