0 0.5492788461538461 0.5240384615384616 0.3233173076923077 0.7199519230769231
0 0.3016826923076923 0.5817307692307693 0.046875 0.12980769230769232
0 0.15264423076923078 0.6129807692307693 0.026442307692307692 0.07932692307692307
0 0.8221153846153846 0.3918269230769231 0.026442307692307692 0.08653846153846154
0 0.8870192307692307 0.36538461538461536 0.026442307692307692 0.09014423076923077
0 0.9254807692307693 0.3605769230769231 0.026442307692307692 0.10096153846153846
0 0.7860576923076923 0.3918269230769231 0.01201923076923077 0.03485576923076923
0 0.8064903846153846 0.4074519230769231 0.016826923076923076 0.02403846153846154
0 0.7091346153846154 0.4206730769230769 0.020432692307692308 0.06971153846153846
0 0.8365384615384616 0.38100961538461536 0.007211538461538462 0.03485576923076923
0 0.7259615384615384 0.43028846153846156 0.014423076923076924 0.04326923076923077
0 0.16466346153846154 0.5673076923076923 0.004807692307692308 0.02403846153846154
0 0.8533653846153846 0.3786057692307692 0.007211538461538462 0.03485576923076923
0 0.6658653846153846 0.4182692307692308 0.6634615384615384 0.25961538461538464