0 0.8052884615384616 0.05889423076923077 0.036057692307692304 0.07932692307692307
0 0.7620192307692307 0.055288461538461536 0.019230769230769232 0.054086538461538464
0 0.057692307692307696 0.06971153846153846 0.025240384615384616 0.07932692307692307
0 0.10096153846153846 0.04927884615384615 0.020432692307692308 0.046875
0 0.028846153846153848 0.26322115384615385 0.057692307692307696 0.16105769230769232
0 0.9326923076923077 0.06129807692307692 0.025240384615384616 0.10697115384615384
0 0.010817307692307692 0.07451923076923077 0.021634615384615384 0.09134615384615384
0 0.08413461538461539 0.056490384615384616 0.019230769230769232 0.056490384615384616
0 0.6105769230769231 0.052884615384615384 0.021634615384615384 0.04927884615384615
0 0.026442307692307692 0.0733173076923077 0.03125 0.08653846153846154
0 0.7752403846153846 0.054086538461538464 0.009615384615384616 0.051682692307692304
0 0.8870192307692307 0.05889423076923077 0.010817307692307692 0.046875
0 0.5540865384615384 0.056490384615384616 0.055288461538461536 0.08413461538461539
0 0.5180288461538461 0.14783653846153846 0.9639423076923077 0.2956730769230769