0 0.8966346153846154 0.5805288461538461 0.07211538461538461 0.3786057692307692
0 0.3954326923076923 0.5420673076923077 0.09014423076923077 0.33653846153846156
0 0.7019230769230769 0.5492788461538461 0.06129807692307692 0.2512019230769231
0 0.02403846153846154 0.6610576923076923 0.042067307692307696 0.17427884615384615
0 0.7776442307692307 0.4519230769230769 0.036057692307692304 0.10817307692307693
0 0.052884615384615384 0.5673076923076923 0.056490384615384616 0.12259615384615384
0 0.11057692307692307 0.46274038461538464 0.051682692307692304 0.10576923076923077
0 0.021634615384615384 0.4963942307692308 0.04326923076923077 0.16947115384615385
0 0.6286057692307693 0.5480769230769231 0.03125 0.22596153846153846
0 0.4495192307692308 0.5180288461538461 0.038461538461538464 0.15504807692307693
0 0.24278846153846154 0.6262019230769231 0.10817307692307693 0.49399038461538464
0 0.5841346153846154 0.5456730769230769 0.040865384615384616 0.21634615384615385
0 0.65625 0.5504807692307693 0.046875 0.25
0 0.5060096153846154 0.5504807692307693 0.9831730769230769 0.33413461538461536