0 0.7307692307692307 0.5757211538461539 0.037259615384615384 0.15985576923076922
0 0.5637019230769231 0.4855769230769231 0.021634615384615384 0.0985576923076923
0 0.5865384615384616 0.4807692307692308 0.015625 0.09254807692307693
0 0.6814903846153846 0.49038461538461536 0.026442307692307692 0.0985576923076923
0 0.7259615384615384 0.4831730769230769 0.025240384615384616 0.06370192307692307
0 0.9831730769230769 0.5372596153846154 0.030048076923076924 0.15264423076923078
0 0.4807692307692308 0.5360576923076923 0.037259615384615384 0.14543269230769232
0 0.7668269230769231 0.4675480769230769 0.014423076923076924 0.04567307692307692
0 0.8942307692307693 0.6766826923076923 0.05889423076923077 0.18269230769230768
0 0.8942307692307693 0.5372596153846154 0.03245192307692308 0.14423076923076922
0 0.7536057692307693 0.5588942307692307 0.026442307692307692 0.1310096153846154
0 0.7848557692307693 0.5144230769230769 0.03245192307692308 0.1201923076923077
0 0.8112980769230769 0.4807692307692308 0.021634615384615384 0.10576923076923077
0 0.5 0.5384615384615384 0.9963942307692307 0.29086538461538464