0 0.6730769230769231 0.5625 0.03125 0.1466346153846154
0 0.5408653846153846 0.5144230769230769 0.006009615384615385 0.025240384615384616
0 0.15384615384615385 0.5841346153846154 0.030048076923076924 0.10336538461538461
0 0.8653846153846154 0.6153846153846154 0.06850961538461539 0.23918269230769232
0 0.7560096153846154 0.5540865384615384 0.02403846153846154 0.1045673076923077
0 0.8341346153846154 0.5697115384615384 0.040865384615384616 0.16346153846153846
0 0.09375 0.6778846153846154 0.1346153846153846 0.3629807692307692
0 0.44711538461538464 0.5060096153846154 0.004807692307692308 0.01201923076923077
0 0.5144230769230769 0.5348557692307693 0.016826923076923076 0.05889423076923077
0 0.6334134615384616 0.5456730769230769 0.030048076923076924 0.11298076923076923
0 0.7283653846153846 0.5492788461538461 0.020432692307692308 0.10576923076923077
0 0.7836538461538461 0.5637019230769231 0.030048076923076924 0.11899038461538461
0 0.5949519230769231 0.5240384615384616 0.016826923076923076 0.046875
0 0.71875 0.6153846153846154 0.46875 0.25961538461538464