0 0.5901442307692307 0.5997596153846154 0.17067307692307693 0.6682692307692307
0 0.8173076923076923 0.296875 0.037259615384615384 0.10336538461538461
0 0.7740384615384616 0.3112980769230769 0.036057692307692304 0.1346153846153846
0 0.9182692307692307 0.33052884615384615 0.08774038461538461 0.23317307692307693
0 0.9639423076923077 0.2848557692307692 0.06850961538461539 0.16466346153846154
0 0.3449519230769231 0.3605769230769231 0.04807692307692308 0.10576923076923077
0 0.7463942307692307 0.31850961538461536 0.021634615384615384 0.0829326923076923
0 0.24278846153846154 0.36538461538461536 0.12139423076923077 0.13942307692307693
0 0.41586538461538464 0.34615384615384615 0.037259615384615384 0.0889423076923077
0 0.4567307692307692 0.32572115384615385 0.040865384615384616 0.04927884615384615
0 0.27524038461538464 0.3473557692307692 0.042067307692307696 0.078125
0 0.31009615384615385 0.32572115384615385 0.026442307692307692 0.05889423076923077
0 0.5456730769230769 0.5060096153846154 0.09975961538461539 0.5456730769230769
0 0.14543269230769232 0.36658653846153844 0.29086538461538464 0.7331730769230769