0 0.23798076923076922 0.7463942307692307 0.010817307692307692 0.015625
0 0.41346153846153844 0.7872596153846154 0.016826923076923076 0.04807692307692308
0 0.47596153846153844 0.7956730769230769 0.01201923076923077 0.05048076923076923
0 0.10336538461538461 0.9543269230769231 0.078125 0.08774038461538461
0 0.6009615384615384 0.7932692307692307 0.009615384615384616 0.02403846153846154
0 0.6057692307692307 0.7956730769230769 0.004807692307692308 0.020432692307692308
0 0.6286057692307693 0.9002403846153846 0.015625 0.06850961538461539
0 0.75 0.8786057692307693 0.01201923076923077 0.02403846153846154
0 0.6237980769230769 0.8461538461538461 0.014423076923076924 0.05048076923076923
0 0.32572115384615385 0.7728365384615384 0.007211538461538462 0.01201923076923077
0 0.33533653846153844 0.7692307692307693 0.010817307692307692 0.02403846153846154
0 0.6117788461538461 0.9194711538461539 0.020432692307692308 0.06129807692307692
0 0.46153846153846156 0.7872596153846154 0.009615384615384616 0.04807692307692308
0 0.5 0.671875 0.9963942307692307 0.6526442307692307