0 0.38461538461538464 0.5673076923076923 0.014423076923076924 0.0733173076923077
0 0.6298076923076923 0.5733173076923077 0.021634615384615384 0.07451923076923077
0 0.4074519230769231 0.5913461538461539 0.03485576923076923 0.12860576923076922
0 0.6213942307692307 0.5637019230769231 0.010817307692307692 0.07692307692307693
0 0.6826923076923077 0.5817307692307693 0.019230769230769232 0.09615384615384616
0 0.06009615384615385 0.7379807692307693 0.1201923076923077 0.4375
0 0.8293269230769231 0.6189903846153846 0.046875 0.17067307692307693
0 0.8834134615384616 0.6165865384615384 0.04807692307692308 0.17908653846153846
0 0.7355769230769231 0.5877403846153846 0.016826923076923076 0.10817307692307693
0 0.6971153846153846 0.5576923076923077 0.015625 0.06850961538461539
0 0.8882211538461539 0.609375 0.04567307692307692 0.17307692307692307
0 0.7860576923076923 0.6057692307692307 0.040865384615384616 0.1814903846153846
0 0.11778846153846154 0.578125 0.026442307692307692 0.11057692307692307
0 0.3401442307692308 0.6201923076923077 0.234375 0.17307692307692307