0 0.10817307692307693 0.6814903846153846 0.12379807692307693 0.6286057692307693
0 0.039663461538461536 0.6274038461538461 0.07932692307692307 0.7379807692307693
0 0.4951923076923077 0.5877403846153846 0.13701923076923078 0.8161057692307693
0 0.2764423076923077 0.6550480769230769 0.109375 0.6802884615384616
0 0.7487980769230769 0.6286057692307693 0.13701923076923078 0.734375
0 0.6682692307692307 0.6514423076923077 0.10096153846153846 0.6875
0 0.8689903846153846 0.6442307692307693 0.07451923076923077 0.7043269230769231
0 0.5600961538461539 0.23557692307692307 0.055288461538461536 0.11899038461538461
0 0.18629807692307693 0.6045673076923077 0.0985576923076923 0.765625
0 0.4110576923076923 0.6322115384615384 0.12139423076923077 0.7091346153846154
0 0.9591346153846154 0.6370192307692307 0.078125 0.7175480769230769
0 0.8209134615384616 0.6478365384615384 0.09495192307692307 0.6971153846153846
0 0.140625 0.375 0.046875 0.25
0 0.5240384615384616 0.5588942307692307 0.9495192307692307 0.8737980769230769