0 0.22596153846153846 0.5180288461538461 0.014423076923076924 0.06129807692307692
0 0.1935096153846154 0.5336538461538461 0.019230769230769232 0.056490384615384616
0 0.3473557692307692 0.4951923076923077 0.019230769230769232 0.05889423076923077
0 0.44471153846153844 0.53125 0.01201923076923077 0.019230769230769232
0 0.6057692307692307 0.5012019230769231 0.004807692307692308 0.014423076923076924
0 0.5901442307692307 0.5 0.006009615384615385 0.016826923076923076
0 0.3701923076923077 0.5096153846153846 0.019230769230769232 0.07692307692307693
0 0.46274038461538464 0.5396634615384616 0.010817307692307692 0.021634615384615384
0 0.3112980769230769 0.5288461538461539 0.020432692307692308 0.027644230769230768
0 0.2536057692307692 0.5204326923076923 0.016826923076923076 0.019230769230769232
0 0.7824519230769231 0.7175480769230769 0.0829326923076923 0.5600961538461539
0 0.2091346153846154 0.5012019230769231 0.009615384615384616 0.02283653846153846
0 0.2800480769230769 0.5216346153846154 0.03245192307692308 0.039663461538461536
0 0.40384615384615385 0.5228365384615384 0.5637019230769231 0.06129807692307692