0 0.37740384615384615 0.5300480769230769 0.265625 0.828125
0 0.7884615384615384 0.703125 0.0829326923076923 0.4891826923076923
0 0.6682692307692307 0.7752403846153846 0.125 0.3545673076923077
0 0.5588942307692307 0.6538461538461539 0.0985576923076923 0.5
0 0.21754807692307693 0.7716346153846154 0.10576923076923077 0.3473557692307692
0 0.056490384615384616 0.7644230769230769 0.07932692307692307 0.31971153846153844
0 0.7788461538461539 0.5901442307692307 0.1778846153846154 0.4074519230769231
0 0.5060096153846154 0.7403846153846154 0.09975961538461539 0.36899038461538464
0 0.47475961538461536 0.515625 0.06370192307692307 0.1141826923076923
0 0.10336538461538461 0.6814903846153846 0.12980769230769232 0.515625
0 0.21153846153846154 0.5348557692307693 0.0985576923076923 0.25