0 0.7620192307692307 0.5228365384615384 0.109375 0.15504807692307693
0 0.9459134615384616 0.4495192307692308 0.051682692307692304 0.10096153846153846
0 0.6346153846153846 0.44711538461538464 0.0829326923076923 0.10336538461538461
0 0.7932692307692307 0.41466346153846156 0.042067307692307696 0.07692307692307693
0 0.6634615384615384 0.38221153846153844 0.019230769230769232 0.030048076923076924
0 0.05048076923076923 0.41225961538461536 0.04567307692307692 0.0673076923076923
0 0.09134615384615384 0.390625 0.03245192307692308 0.052884615384615384
0 0.13942307692307693 0.38221153846153844 0.036057692307692304 0.04807692307692308
0 0.17427884615384615 0.3942307692307692 0.037259615384615384 0.052884615384615384
0 0.12379807692307693 0.41586538461538464 0.052884615384615384 0.06129807692307692
0 0.7512019230769231 0.39302884615384615 0.037259615384615384 0.038461538461538464
0 0.9206730769230769 0.4110576923076923 0.046875 0.078125
0 0.7331730769230769 0.4230769230769231 0.05048076923076923 0.06610576923076923
0 0.5204326923076923 0.41225961538461536 0.9567307692307693 0.13701923076923078