0 0.2824519230769231 0.7007211538461539 0.006009615384615385 0.019230769230769232
0 0.27524038461538464 0.7103365384615384 0.006009615384615385 0.025240384615384616
0 0.25841346153846156 0.7019230769230769 0.010817307692307692 0.015625
0 0.2439903846153846 0.7151442307692307 0.010817307692307692 0.027644230769230768
0 0.2512019230769231 0.7055288461538461 0.006009615384615385 0.019230769230769232
0 0.7439903846153846 0.6935096153846154 0.007211538461538462 0.037259615384615384
0 0.6177884615384616 0.671875 0.007211538461538462 0.02403846153846154
0 0.23076923076923078 0.7115384615384616 0.009615384615384616 0.036057692307692304
0 0.2692307692307692 0.703125 0.004807692307692308 0.015625
0 0.5588942307692307 0.6694711538461539 0.007211538461538462 0.019230769230769232
0 0.7367788461538461 0.6935096153846154 0.007211538461538462 0.03485576923076923
0 0.27403846153846156 0.7055288461538461 0.003605769230769231 0.015625
0 0.2644230769230769 0.7091346153846154 0.006009615384615385 0.027644230769230768