0 0.22716346153846154 0.5216346153846154 0.014423076923076924 0.05889423076923077
0 0.19591346153846154 0.5360576923076923 0.016826923076923076 0.056490384615384616
0 0.34975961538461536 0.4987980769230769 0.019230769230769232 0.06129807692307692
0 0.44711538461538464 0.5348557692307693 0.010817307692307692 0.021634615384615384
0 0.6081730769230769 0.5048076923076923 0.006009615384615385 0.015625
0 0.5925480769230769 0.5048076923076923 0.004807692307692308 0.015625
0 0.3713942307692308 0.5144230769230769 0.019230769230769232 0.078125
0 0.4651442307692308 0.5432692307692307 0.009615384615384616 0.019230769230769232
0 0.3137019230769231 0.53125 0.019230769230769232 0.027644230769230768
0 0.25721153846153844 0.5216346153846154 0.016826923076923076 0.019230769230769232
0 0.7848557692307693 0.71875 0.08653846153846154 0.5576923076923077
0 0.21153846153846154 0.5048076923076923 0.009615384615384616 0.021634615384615384
0 0.2824519230769231 0.5240384615384616 0.03485576923076923 0.040865384615384616
0 0.4050480769230769 0.5240384615384616 0.5637019230769231 0.06129807692307692