0 0.9182692307692307 0.5120192307692307 0.046875 0.23918269230769232
0 0.8689903846153846 0.5348557692307693 0.07692307692307693 0.28725961538461536
0 0.6550480769230769 0.5480769230769231 0.037259615384615384 0.22355769230769232
0 0.6213942307692307 0.5168269230769231 0.04567307692307692 0.2848557692307692
0 0.38100961538461536 0.5216346153846154 0.07932692307692307 0.25721153846153844
0 0.44711538461538464 0.5216346153846154 0.078125 0.2776442307692308
0 0.16346153846153846 0.5180288461538461 0.025240384615384616 0.20793269230769232
0 0.24519230769230768 0.4543269230769231 0.025240384615384616 0.10817307692307693
0 0.06370192307692307 0.5588942307692307 0.09495192307692307 0.359375
0 0.0829326923076923 0.5060096153846154 0.04326923076923077 0.21995192307692307
0 0.3233173076923077 0.5240384615384616 0.05048076923076923 0.234375
0 0.5528846153846154 0.5300480769230769 0.037259615384615384 0.24519230769230768
0 0.42908653846153844 0.5216346153846154 0.4675480769230769 0.23076923076923078