0 0.7512019230769231 0.33774038461538464 0.030048076923076924 0.1141826923076923
0 0.8701923076923077 0.30408653846153844 0.01201923076923077 0.052884615384615384
0 0.8990384615384616 0.33653846153846156 0.042067307692307696 0.10096153846153846
0 0.9411057692307693 0.36778846153846156 0.06610576923076923 0.14423076923076922
0 0.7848557692307693 0.32091346153846156 0.030048076923076924 0.08774038461538461
0 0.703125 0.31850961538461536 0.030048076923076924 0.1201923076923077
0 0.5552884615384616 0.28966346153846156 0.018028846153846152 0.07211538461538461
0 0.8004807692307693 0.3076923076923077 0.018028846153846152 0.06129807692307692
0 0.6598557692307693 0.3004807692307692 0.02403846153846154 0.08774038461538461
0 0.5264423076923077 0.28846153846153844 0.020432692307692308 0.08533653846153846
0 0.9675480769230769 0.33052884615384615 0.02403846153846154 0.05889423076923077
0 0.7644230769230769 0.2824519230769231 0.008413461538461538 0.026442307692307692
0 0.8473557692307693 0.30288461538461536 0.018028846153846152 0.06129807692307692
0 0.6754807692307693 0.30288461538461536 0.3557692307692308 0.15144230769230768