0 0.4519230769230769 0.6826923076923077 0.3401442307692308 0.3641826923076923
0 0.7427884615384616 0.5540865384615384 0.21153846153846154 0.2800480769230769
0 0.21153846153846154 0.53125 0.19110576923076922 0.24639423076923078
0 0.7379807692307693 0.4987980769230769 0.07932692307692307 0.21514423076923078
0 0.9134615384615384 0.4326923076923077 0.0889423076923077 0.1502403846153846
0 0.06850961538461539 0.0829326923076923 0.036057692307692304 0.08774038461538461
0 0.052884615384615384 0.08653846153846154 0.027644230769230768 0.09975961538461539
0 0.6826923076923077 0.018028846153846152 0.019230769230769232 0.030048076923076924
0 0.32211538461538464 0.03125 0.019230769230769232 0.0625
0 0.7331730769230769 0.021634615384615384 0.019230769230769232 0.042067307692307696
0 0.7644230769230769 0.014423076923076924 0.021634615384615384 0.027644230769230768
0 0.7067307692307693 0.02283653846153846 0.020432692307692308 0.04567307692307692