0 0.11538461538461539 0.796875 0.1875 0.37740384615384615
0 0.5 0.8329326923076923 0.10576923076923077 0.328125
0 0.4375 0.8149038461538461 0.07451923076923077 0.34975961538461536
0 0.2932692307692308 0.8365384615384616 0.1466346153846154 0.32091346153846156
0 0.8185096153846154 0.8774038461538461 0.17067307692307693 0.24158653846153846
0 0.765625 0.8185096153846154 0.04326923076923077 0.18870192307692307
0 0.6237980769230769 0.7596153846153846 0.057692307692307696 0.16706730769230768
0 0.5685096153846154 0.7283653846153846 0.04326923076923077 0.17668269230769232
0 0.6394230769230769 0.6730769230769231 0.038461538461538464 0.14302884615384615
0 0.9350961538461539 0.7367788461538461 0.038461538461538464 0.09134615384615384
0 0.9747596153846154 0.7439903846153846 0.04326923076923077 0.09615384615384616
0 0.7367788461538461 0.8197115384615384 0.03245192307692308 0.08413461538461539
0 0.9759615384615384 0.6526442307692307 0.036057692307692304 0.11057692307692307
0 0.4987980769230769 0.7644230769230769 0.9963942307692307 0.46153846153846156