0 0.22115384615384615 0.11057692307692307 0.038461538461538464 0.12860576923076922
0 0.2536057692307692 0.0889423076923077 0.01201923076923077 0.04326923076923077
0 0.6262019230769231 0.11057692307692307 0.009615384615384616 0.028846153846153848
0 0.06129807692307692 0.10817307692307693 0.037259615384615384 0.03365384615384615
0 0.4110576923076923 0.5504807692307693 0.2091346153846154 0.6045673076923077
0 0.021634615384615384 0.0985576923076923 0.027644230769230768 0.03125
0 0.025240384615384616 0.09495192307692307 0.016826923076923076 0.019230769230769232
0 0.6165865384615384 0.109375 0.007211538461538462 0.03125
0 0.8269230769230769 0.125 0.01201923076923077 0.028846153846153848
0 0.4362980769230769 0.11899038461538461 0.234375 0.23798076923076922
0 0.13341346153846154 0.07692307692307693 0.016826923076923076 0.04567307692307692
0 0.09254807692307693 0.11538461538461539 0.036057692307692304 0.039663461538461536
0 0.7512019230769231 0.12139423076923077 0.006009615384615385 0.025240384615384616
0 0.7247596153846154 0.12620192307692307 0.18629807692307693 0.039663461538461536