0 0.3137019230769231 0.3737980769230769 0.0673076923076923 0.125
0 0.21754807692307693 0.578125 0.08774038461538461 0.1778846153846154
0 0.20432692307692307 0.8245192307692307 0.1875 0.3473557692307692
0 0.10336538461538461 0.8052884615384616 0.20673076923076922 0.36538461538461536
0 0.10576923076923077 0.5288461538461539 0.1622596153846154 0.3894230769230769
0 0.46153846153846156 0.39663461538461536 0.06129807692307692 0.15985576923076922
0 0.6862980769230769 0.38221153846153844 0.1141826923076923 0.24278846153846154
0 0.9411057692307693 0.5096153846153846 0.1141826923076923 0.21153846153846154
0 0.2512019230769231 0.35216346153846156 0.051682692307692304 0.125
0 0.4951923076923077 0.3737980769230769 0.056490384615384616 0.13942307692307693
0 0.21514423076923078 0.36538461538461536 0.06370192307692307 0.11778846153846154
0 0.8341346153846154 0.5096153846153846 0.08413461538461539 0.19110576923076922
0 0.6454326923076923 0.43149038461538464 0.040865384615384616 0.09375
0 0.39903846153846156 0.5721153846153846 0.796875 0.5552884615384616