0 0.5745192307692307 0.7463942307692307 0.16706730769230768 0.49038461538461536
0 0.8822115384615384 0.5324519230769231 0.056490384615384616 0.1875
0 0.84375 0.49399038461538464 0.08774038461538461 0.20192307692307693
0 0.59375 0.5216346153846154 0.06610576923076923 0.14543269230769232
0 0.453125 0.4387019230769231 0.09014423076923077 0.04567307692307692
0 0.9807692307692307 0.6442307692307693 0.03245192307692308 0.10336538461538461
0 0.17427884615384615 0.7956730769230769 0.18870192307692307 0.40625
0 0.296875 0.6442307692307693 0.5661057692307693 0.6802884615384616
0 0.9387019230769231 0.6862980769230769 0.07091346153846154 0.1778846153846154
0 0.9134615384615384 0.6213942307692307 0.03485576923076923 0.051682692307692304
0 0.7740384615384616 0.5096153846153846 0.12259615384615384 0.19951923076923078