0 0.7776442307692307 0.7115384615384616 0.4326923076923077 0.5504807692307693
0 0.8112980769230769 0.09375 0.016826923076923076 0.026442307692307692
0 0.4230769230769231 0.5144230769230769 0.4579326923076923 0.9254807692307693
0 0.5324519230769231 0.5793269230769231 0.08173076923076923 0.38461538461538464
0 0.1502403846153846 0.6141826923076923 0.0889423076923077 0.4483173076923077
0 0.06971153846153846 0.5865384615384616 0.09495192307692307 0.3701923076923077
0 0.06370192307692307 0.31490384615384615 0.046875 0.109375
0 0.21754807692307693 0.16466346153846154 0.055288461538461536 0.11057692307692307
0 0.7752403846153846 0.09254807692307693 0.03245192307692308 0.0625
0 0.6346153846153846 0.5588942307692307 0.07451923076923077 0.1875
0 0.30288461538461536 0.5661057692307693 0.08173076923076923 0.12139423076923077
0 0.5841346153846154 0.6346153846153846 0.06129807692307692 0.3161057692307692
0 0.4987980769230769 0.4651442307692308 0.9975961538461539 0.8293269230769231