0 0.6850961538461539 0.3894230769230769 0.6262019230769231 0.7391826923076923
0 0.0829326923076923 0.7175480769230769 0.1622596153846154 0.4675480769230769
0 0.038461538461538464 0.43149038461538464 0.052884615384615384 0.12860576923076922
0 0.30288461538461536 0.8509615384615384 0.3016826923076923 0.2920673076923077
0 0.13701923076923078 0.7259615384615384 0.12379807692307693 0.3605769230769231
0 0.23798076923076922 0.5985576923076923 0.07451923076923077 0.19471153846153846
0 0.32211538461538464 0.7668269230769231 0.10096153846153846 0.296875
0 0.3293269230769231 0.6466346153846154 0.08774038461538461 0.29086538461538464
0 0.453125 0.8605769230769231 0.11899038461538461 0.27403846153846156
0 0.5372596153846154 0.8870192307692307 0.12139423076923077 0.22235576923076922
0 0.6418269230769231 0.8894230769230769 0.11899038461538461 0.19831730769230768
0 0.22115384615384615 0.5492788461538461 0.03245192307692308 0.06610576923076923
0 0.3870192307692308 0.8161057692307693 0.04807692307692308 0.125
0 0.5288461538461539 0.6814903846153846 0.8990384615384616 0.6057692307692307