0 0.1935096153846154 0.6622596153846154 0.25 0.6466346153846154
0 0.8293269230769231 0.47475961538461536 0.2860576923076923 0.5360576923076923
0 0.33052884615384615 0.4735576923076923 0.15745192307692307 0.33774038461538464
0 0.25721153846153844 0.46033653846153844 0.1201923076923077 0.3641826923076923
0 0.6033653846153846 0.5432692307692307 0.125 0.3004807692307692
0 0.5360576923076923 0.5336538461538461 0.09375 0.2536057692307692
0 0.7079326923076923 0.5012019230769231 0.09735576923076923 0.3605769230769231
0 0.09615384615384616 0.6189903846153846 0.1045673076923077 0.6105769230769231
0 0.4855769230769231 0.44350961538461536 0.2091346153846154 0.39903846153846156
0 0.1502403846153846 0.44591346153846156 0.030048076923076924 0.10576923076923077
0 0.40024038461538464 0.37740384615384615 0.09495192307692307 0.328125