0 0.7463942307692307 0.6862980769230769 0.21875 0.2439903846153846
0 0.3786057692307692 0.5288461538461539 0.11778846153846154 0.5204326923076923
0 0.15504807692307693 0.6274038461538461 0.13221153846153846 0.7163461538461539
0 0.052884615384615384 0.4579326923076923 0.1045673076923077 0.4831730769230769
0 0.9122596153846154 0.49759615384615385 0.109375 0.46274038461538464
0 0.5637019230769231 0.4326923076923077 0.1141826923076923 0.17307692307692307
0 0.6802884615384616 0.49759615384615385 0.1310096153846154 0.17908653846153846
0 0.5564903846153846 0.3173076923076923 0.056490384615384616 0.10216346153846154
0 0.2403846153846154 0.4567307692307692 0.09014423076923077 0.39783653846153844
0 0.4543269230769231 0.5661057692307693 0.12620192307692307 0.5276442307692307
0 0.28125 0.36899038461538464 0.08413461538461539 0.22956730769230768
0 0.9735576923076923 0.5264423076923077 0.046875 0.4567307692307692