0 0.2512019230769231 0.4375 0.125 0.4026442307692308
0 0.6598557692307693 0.49038461538461536 0.1346153846153846 0.578125
0 0.23798076923076922 0.6514423076923077 0.18389423076923078 0.328125
0 0.8028846153846154 0.6442307692307693 0.15985576923076922 0.3317307692307692
0 0.5192307692307693 0.3762019230769231 0.14903846153846154 0.3425480769230769
0 0.3762019230769231 0.4050480769230769 0.14423076923076922 0.3737980769230769
0 0.3713942307692308 0.6418269230769231 0.14182692307692307 0.34375
0 0.8004807692307693 0.3786057692307692 0.21875 0.4074519230769231
0 0.11538461538461539 0.5252403846153846 0.1502403846153846 0.5877403846153846
0 0.625 0.6466346153846154 0.171875 0.35096153846153844
0 0.5 0.6418269230769231 0.12860576923076922 0.3425480769230769