0 0.8473557692307693 0.6586538461538461 0.036057692307692304 0.16346153846153846
0 0.9014423076923077 0.6490384615384616 0.03125 0.13581730769230768
0 0.9158653846153846 0.6622596153846154 0.038461538461538464 0.1310096153846154
0 0.9543269230769231 0.6550480769230769 0.036057692307692304 0.14302884615384615
0 0.765625 0.6105769230769231 0.019230769230769232 0.07692307692307693
0 0.7115384615384616 0.578125 0.01201923076923077 0.051682692307692304
0 0.7800480769230769 0.6213942307692307 0.01201923076923077 0.05889423076923077
0 0.9278846153846154 0.5997596153846154 0.014423076923076924 0.042067307692307696
0 0.7980769230769231 0.6141826923076923 0.016826923076923076 0.09375
0 0.7524038461538461 0.6129807692307693 0.016826923076923076 0.08653846153846154
0 0.7247596153846154 0.59375 0.015625 0.054086538461538464
0 0.984375 0.6598557692307693 0.025240384615384616 0.12620192307692307
0 0.8870192307692307 0.6430288461538461 0.026442307692307692 0.1141826923076923
0 0.5240384615384616 0.6298076923076923 0.9278846153846154 0.1778846153846154