0 0.22235576923076922 0.7259615384615384 0.125 0.33653846153846156
0 0.07211538461538461 0.6165865384615384 0.09254807692307693 0.39903846153846156
0 0.6141826923076923 0.5961538461538461 0.009615384615384616 0.021634615384615384
0 0.7067307692307693 0.6033653846153846 0.010817307692307692 0.027644230769230768
0 0.7331730769230769 0.6201923076923077 0.015625 0.04326923076923077
0 0.4807692307692308 0.5961538461538461 0.021634615384615384 0.06850961538461539
0 0.5637019230769231 0.6057692307692307 0.021634615384615384 0.06850961538461539
0 0.22235576923076922 0.5709134615384616 0.02403846153846154 0.051682692307692304
0 0.203125 0.578125 0.021634615384615384 0.06850961538461539
0 0.5384615384615384 0.6346153846153846 0.04807692307692308 0.051682692307692304
0 0.6057692307692307 0.6033653846153846 0.02403846153846154 0.0829326923076923
0 0.6394230769230769 0.6165865384615384 0.01201923076923077 0.04326923076923077
0 0.8341346153846154 0.6382211538461539 0.020432692307692308 0.06971153846153846
0 0.5180288461538461 0.6081730769230769 0.8365384615384616 0.13942307692307693