0 0.9122596153846154 0.5745192307692307 0.15144230769230768 0.8173076923076923
0 0.1814903846153846 0.5817307692307693 0.15264423076923078 0.71875
0 0.27283653846153844 0.47836538461538464 0.04567307692307692 0.31490384615384615
0 0.8028846153846154 0.5192307692307693 0.04326923076923077 0.1875
0 0.765625 0.53125 0.03125 0.22355769230769232
0 0.6875 0.5096153846153846 0.052884615384615384 0.16947115384615385
0 0.6538461538461539 0.4735576923076923 0.026442307692307692 0.15745192307692307
0 0.5637019230769231 0.6538461538461539 0.06610576923076923 0.2512019230769231
0 0.6346153846153846 0.5060096153846154 0.026442307692307692 0.19471153846153846
0 0.24278846153846154 0.44591346153846156 0.025240384615384616 0.12259615384615384
0 0.28125 0.28846153846153844 0.021634615384615384 0.06610576923076923
0 0.07451923076923077 0.6057692307692307 0.1466346153846154 0.7512019230769231
0 0.23076923076923078 0.41586538461538464 0.020432692307692308 0.07932692307692307
0 0.6286057692307693 0.5168269230769231 0.7379807692307693 0.3713942307692308