0 0.27163461538461536 0.4699519230769231 0.15985576923076922 0.5264423076923077
0 0.6237980769230769 0.4675480769230769 0.30288461538461536 0.42908653846153844
0 0.9254807692307693 0.8028846153846154 0.14543269230769232 0.36538461538461536
0 0.2127403846153846 0.5805288461538461 0.09014423076923077 0.39783653846153844
0 0.08052884615384616 0.9314903846153846 0.030048076923076924 0.10096153846153846
0 0.0625 0.9495192307692307 0.03485576923076923 0.09615384615384616
0 0.9122596153846154 0.6394230769230769 0.08413461538461539 0.20552884615384615
0 0.984375 0.5697115384615384 0.027644230769230768 0.1141826923076923
0 0.11057692307692307 0.9435096153846154 0.04567307692307692 0.10336538461538461
0 0.02403846153846154 0.9423076923076923 0.046875 0.11057692307692307
0 0.046875 0.9254807692307693 0.019230769230769232 0.07932692307692307
0 0.0889423076923077 0.9098557692307693 0.019230769230769232 0.030048076923076924
0 0.025240384615384616 0.8894230769230769 0.019230769230769232 0.027644230769230768