0 0.037259615384615384 0.7475961538461539 0.0733173076923077 0.3605769230769231
0 0.43149038461538464 0.7067307692307693 0.09975961538461539 0.23918269230769232
0 0.375 0.7007211538461539 0.0625 0.24879807692307693
0 0.9567307692307693 0.6766826923076923 0.051682692307692304 0.140625
0 0.7860576923076923 0.6586538461538461 0.056490384615384616 0.12139423076923077
0 0.17307692307692307 0.7427884615384616 0.14423076923076922 0.3137019230769231
0 0.44711538461538464 0.6153846153846154 0.03245192307692308 0.09375
0 0.4651442307692308 0.6141826923076923 0.03245192307692308 0.0985576923076923
0 0.7415865384615384 0.6838942307692307 0.0733173076923077 0.16826923076923078
0 0.8293269230769231 0.6622596153846154 0.04567307692307692 0.12620192307692307
0 0.6802884615384616 0.6574519230769231 0.038461538461538464 0.14302884615384615
0 0.9855769230769231 0.6274038461538461 0.016826923076923076 0.046875
0 0.8509615384615384 0.6646634615384616 0.04567307692307692 0.11658653846153846
0 0.390625 0.6971153846153846 0.671875 0.25