0 0.33413461538461536 0.46274038461538464 0.09254807692307693 0.12860576923076922
0 0.8100961538461539 0.5793269230769231 0.07451923076923077 0.2776442307692308
0 0.12740384615384615 0.44711538461538464 0.042067307692307696 0.07932692307692307
0 0.052884615384615384 0.6694711538461539 0.10336538461538461 0.14903846153846154
0 0.8473557692307693 0.5685096153846154 0.06129807692307692 0.30288461538461536
0 0.9603365384615384 0.5300480769230769 0.04326923076923077 0.2824519230769231
0 0.22235576923076922 0.5600961538461539 0.056490384615384616 0.3004807692307692
0 0.7463942307692307 0.6262019230769231 0.10576923076923077 0.1622596153846154
0 0.6935096153846154 0.5096153846153846 0.08413461538461539 0.14543269230769232
0 0.025240384615384616 0.47115384615384615 0.05048076923076923 0.20793269230769232
0 0.41466346153846156 0.484375 0.0625 0.1045673076923077
0 0.1201923076923077 0.5072115384615384 0.2403846153846154 0.23798076923076922