0 0.8834134615384616 0.6875 0.0889423076923077 0.19831730769230768
0 0.2608173076923077 0.7211538461538461 0.14423076923076922 0.2776442307692308
0 0.38100961538461536 0.6394230769230769 0.02403846153846154 0.09134615384615384
0 0.3473557692307692 0.6514423076923077 0.036057692307692304 0.1045673076923077
0 0.7548076923076923 0.6057692307692307 0.019230769230769232 0.054086538461538464
0 0.15745192307692307 0.6382211538461539 0.027644230769230768 0.04807692307692308
0 0.09975961538461539 0.6682692307692307 0.021634615384615384 0.0673076923076923
0 0.9411057692307693 0.6141826923076923 0.021634615384615384 0.09134615384615384
0 0.02283653846153846 0.6310096153846154 0.020432692307692308 0.039663461538461536
0 0.6574519230769231 0.6153846153846154 0.020432692307692308 0.04807692307692308
0 0.9158653846153846 0.6117788461538461 0.042067307692307696 0.0625
0 0.9639423076923077 0.5985576923076923 0.019230769230769232 0.04326923076923077
0 0.33774038461538464 0.6574519230769231 0.06370192307692307 0.11298076923076923
0 0.5144230769230769 0.6358173076923077 0.9579326923076923 0.12259615384615384