0 0.46875 0.9122596153846154 0.037259615384615384 0.12980769230769232
0 0.44471153846153844 0.8786057692307693 0.03245192307692308 0.12620192307692307
0 0.5721153846153846 0.8173076923076923 0.025240384615384616 0.10096153846153846
0 0.5504807692307693 0.8197115384615384 0.02403846153846154 0.0889423076923077
0 0.35216346153846156 0.8966346153846154 0.04567307692307692 0.11899038461538461
0 0.36177884615384615 0.8161057692307693 0.020432692307692308 0.06129807692307692
0 0.3317307692307692 0.8425480769230769 0.026442307692307692 0.0985576923076923
0 0.24639423076923078 0.8161057692307693 0.03125 0.1141826923076923
0 0.2091346153846154 0.8064903846153846 0.025240384615384616 0.10096153846153846
0 0.38100961538461536 0.8617788461538461 0.037259615384615384 0.1141826923076923
0 0.07091346153846154 0.7451923076923077 0.016826923076923076 0.07451923076923077
0 0.11057692307692307 0.78125 0.026442307692307692 0.078125
0 0.008413461538461538 0.7487980769230769 0.010817307692307692 0.020432692307692308
0 0.13942307692307693 0.8016826923076923 0.15504807692307693 0.1502403846153846