0 0.5480769230769231 0.4807692307692308 0.5973557692307693 0.6310096153846154
0 0.5564903846153846 0.3713942307692308 0.021634615384615384 0.08173076923076923
0 0.24158653846153846 0.4098557692307692 0.016826923076923076 0.046875
0 0.07091346153846154 0.3161057692307692 0.004807692307692308 0.010817307692307692
0 0.12860576923076922 0.2932692307692308 0.004807692307692308 0.01201923076923077
0 0.15384615384615385 0.3004807692307692 0.010817307692307692 0.010817307692307692
0 0.9254807692307693 0.41466346153846156 0.02403846153846154 0.030048076923076924
0 0.8557692307692307 0.41346153846153844 0.01201923076923077 0.015625
0 0.09975961538461539 0.43509615384615385 0.11057692307692307 0.11778846153846154
0 0.29447115384615385 0.33413461538461536 0.001201923076923077 0.007211538461538462
0 0.04927884615384615 0.31490384615384615 0.007211538461538462 0.015625
0 0.11538461538461539 0.3004807692307692 0.003605769230769231 0.01201923076923077
0 0.13581730769230768 0.38461538461538464 0.01201923076923077 0.05048076923076923
0 0.4723557692307692 0.32211538461538464 0.8473557692307693 0.2127403846153846