0 0.6105769230769231 0.6634615384615384 0.24278846153846154 0.4182692307692308
0 0.8365384615384616 0.5504807692307693 0.0889423076923077 0.1466346153846154
0 0.23798076923076922 0.5096153846153846 0.09735576923076923 0.1622596153846154
0 0.2980769230769231 0.4651442307692308 0.06610576923076923 0.052884615384615384
0 0.16826923076923078 0.4639423076923077 0.0625 0.06850961538461539
0 0.15264423076923078 0.5360576923076923 0.052884615384615384 0.10817307692307693
0 0.11778846153846154 0.4723557692307692 0.046875 0.06850961538461539
0 0.5084134615384616 0.46274038461538464 0.03485576923076923 0.038461538461538464
0 0.30288461538461536 0.5288461538461539 0.038461538461538464 0.11899038461538461
0 0.08173076923076923 0.46274038461538464 0.020432692307692308 0.0625
0 0.09014423076923077 0.5348557692307693 0.037259615384615384 0.1201923076923077
0 0.5973557692307693 0.5072115384615384 0.046875 0.07932692307692307
0 0.4206730769230769 0.5324519230769231 0.04326923076923077 0.0889423076923077
0 0.5168269230769231 0.5456730769230769 0.8509615384615384 0.21995192307692307