0 0.3401442307692308 0.36778846153846156 0.18028846153846154 0.29086538461538464
0 0.7752403846153846 0.4987980769230769 0.2764423076923077 0.4483173076923077
0 0.7067307692307693 0.3004807692307692 0.1502403846153846 0.20432692307692307
0 0.6262019230769231 0.1935096153846154 0.15985576923076922 0.21754807692307693
0 0.8822115384615384 0.25600961538461536 0.08653846153846154 0.2247596153846154
0 0.24158653846153846 0.5877403846153846 0.3894230769230769 0.5733173076923077
0 0.36177884615384615 0.15264423076923078 0.13221153846153846 0.30528846153846156
0 0.10096153846153846 0.19951923076923078 0.0889423076923077 0.296875
0 0.671875 0.25600961538461536 0.08413461538461539 0.1971153846153846
0 0.7740384615384616 0.7247596153846154 0.4495192307692308 0.5480769230769231
0 0.9266826923076923 0.31490384615384615 0.14423076923076922 0.34975961538461536
0 0.17067307692307693 0.12139423076923077 0.07211538461538461 0.1814903846153846
0 0.13581730769230768 0.1346153846153846 0.08774038461538461 0.21875
0 0.4987980769230769 0.4723557692307692 0.9975961538461539 0.8677884615384616