0 0.4338942307692308 0.6694711538461539 0.02403846153846154 0.11298076923076923
0 0.15985576923076922 0.6766826923076923 0.021634615384615384 0.0985576923076923
0 0.5841346153846154 0.6694711538461539 0.03245192307692308 0.11298076923076923
0 0.1141826923076923 0.6778846153846154 0.027644230769230768 0.10576923076923077
0 0.5036057692307693 0.6658653846153846 0.030048076923076924 0.11057692307692307
0 0.9759615384615384 0.6574519230769231 0.015625 0.07091346153846154
0 0.6826923076923077 0.6490384615384616 0.01201923076923077 0.07091346153846154
0 0.18389423076923078 0.6826923076923077 0.030048076923076924 0.09495192307692307
0 0.09495192307692307 0.6658653846153846 0.016826923076923076 0.06490384615384616
0 0.9110576923076923 0.6754807692307693 0.019230769230769232 0.0733173076923077
0 0.4735576923076923 0.6646634615384616 0.03125 0.11298076923076923
0 0.040865384615384616 0.6802884615384616 0.036057692307692304 0.10817307692307693
0 0.6959134615384616 0.65625 0.020432692307692308 0.06971153846153846