0 0.3581730769230769 0.4411057692307692 0.06850961538461539 0.3161057692307692
0 0.3293269230769231 0.3473557692307692 0.04567307692307692 0.13581730769230768
0 0.17668269230769232 0.32572115384615385 0.052884615384615384 0.13942307692307693
0 0.10216346153846154 0.32572115384615385 0.038461538461538464 0.10576923076923077
0 0.07692307692307693 0.4026442307692308 0.05889423076923077 0.23918269230769232
0 0.9194711538461539 0.36899038461538464 0.09254807692307693 0.14543269230769232
0 0.8701923076923077 0.31971153846153844 0.05048076923076923 0.13581730769230768
0 0.7439903846153846 0.3088942307692308 0.020432692307692308 0.0625
0 0.4411057692307692 0.36778846153846156 0.04807692307692308 0.17668269230769232
0 0.2127403846153846 0.33653846153846156 0.05048076923076923 0.0733173076923077
0 0.03125 0.3786057692307692 0.05889423076923077 0.2439903846153846
0 0.24879807692307693 0.32091346153846156 0.07211538461538461 0.12860576923076922
0 0.4987980769230769 0.421875 0.9963942307692307 0.37740384615384615