0 0.12980769230769232 0.7920673076923077 0.25961538461538464 0.4110576923076923
0 0.8521634615384616 0.8798076923076923 0.04567307692307692 0.1201923076923077
0 0.7884615384615384 0.8689903846153846 0.052884615384615384 0.1346153846153846
0 0.5324519230769231 0.8725961538461539 0.051682692307692304 0.038461538461538464
0 0.2620192307692308 0.8329326923076923 0.037259615384615384 0.03485576923076923
0 0.19951923076923078 0.8521634615384616 0.026442307692307692 0.06850961538461539
0 0.015625 0.8329326923076923 0.03125 0.06490384615384616
0 0.9519230769230769 0.8786057692307693 0.010817307692307692 0.038461538461538464
0 0.9146634615384616 0.8497596153846154 0.010817307692307692 0.025240384615384616
0 0.49399038461538464 0.8725961538461539 0.025240384615384616 0.026442307692307692
0 0.4375 0.8605769230769231 0.026442307692307692 0.030048076923076924
0 0.4543269230769231 0.8641826923076923 0.014423076923076924 0.03245192307692308
0 0.2980769230769231 0.8365384615384616 0.007211538461538462 0.026442307692307692
0 0.6033653846153846 0.859375 0.78125 0.08653846153846154