0 0.14182692307692307 0.7211538461538461 0.11538461538461539 0.2247596153846154
0 0.19471153846153846 0.6418269230769231 0.03245192307692308 0.06610576923076923
0 0.2536057692307692 0.6947115384615384 0.03245192307692308 0.15985576923076922
0 0.5877403846153846 0.6394230769230769 0.016826923076923076 0.028846153846153848
0 0.5096153846153846 0.6394230769230769 0.020432692307692308 0.03365384615384615
0 0.38100961538461536 0.6730769230769231 0.027644230769230768 0.06610576923076923
0 0.4026442307692308 0.7019230769230769 0.019230769230769232 0.0829326923076923
0 0.4182692307692308 0.6658653846153846 0.027644230769230768 0.056490384615384616
0 0.45913461538461536 0.6598557692307693 0.026442307692307692 0.042067307692307696
0 0.6947115384615384 0.6370192307692307 0.019230769230769232 0.03485576923076923
0 0.3425480769230769 0.671875 0.03125 0.06009615384615385
0 0.8341346153846154 0.6322115384615384 0.016826923076923076 0.051682692307692304
0 0.5528846153846154 0.6430288461538461 0.010817307692307692 0.03125
0 0.6646634615384616 0.6274038461538461 0.5576923076923077 0.09134615384615384