0 0.484375 0.47475961538461536 0.037259615384615384 0.1346153846153846
0 0.5901442307692307 0.4579326923076923 0.03245192307692308 0.040865384615384616
0 0.6622596153846154 0.45552884615384615 0.01201923076923077 0.026442307692307692
0 0.5661057692307693 0.47475961538461536 0.021634615384615384 0.05889423076923077
0 0.5432692307692307 0.4831730769230769 0.021634615384615384 0.0829326923076923
0 0.6442307692307693 0.4579326923076923 0.014423076923076924 0.026442307692307692
0 0.6021634615384616 0.4567307692307692 0.010817307692307692 0.02403846153846154
0 0.4567307692307692 0.42788461538461536 0.025240384615384616 0.036057692307692304
0 0.6550480769230769 0.4483173076923077 0.004807692307692308 0.01201923076923077
0 0.6213942307692307 0.46033653846153844 0.007211538461538462 0.021634615384615384
0 0.6129807692307693 0.4543269230769231 0.007211538461538462 0.03245192307692308
0 0.6274038461538461 0.4567307692307692 0.016826923076923076 0.03245192307692308
0 0.5348557692307693 0.45913461538461536 0.007211538461538462 0.02403846153846154
0 0.5588942307692307 0.49038461538461536 0.019230769230769232 0.06971153846153846