0 0.5252403846153846 0.7055288461538461 0.01201923076923077 0.039663461538461536
0 0.5420673076923077 0.703125 0.015625 0.03485576923076923
0 0.45913461538461536 0.703125 0.009615384615384616 0.03485576923076923
0 0.5552884615384616 0.7043269230769231 0.01201923076923077 0.03365384615384615
0 0.5793269230769231 0.6947115384615384 0.010817307692307692 0.027644230769230768
0 0.6105769230769231 0.7019230769230769 0.007211538461538462 0.037259615384615384
0 0.4963942307692308 0.7019230769230769 0.010817307692307692 0.042067307692307696
0 0.47716346153846156 0.7091346153846154 0.010817307692307692 0.027644230769230768
0 0.5637019230769231 0.7007211538461539 0.006009615384615385 0.039663461538461536
0 0.6177884615384616 0.7019230769230769 0.009615384615384616 0.037259615384615384
0 0.6009615384615384 0.7007211538461539 0.007211538461538462 0.039663461538461536
0 0.7932692307692307 0.6959134615384616 0.009615384615384616 0.025240384615384616
0 0.6237980769230769 0.703125 0.006009615384615385 0.03125
0 0.6334134615384616 0.7103365384615384 0.7259615384615384 0.07451923076923077