0 0.5420673076923077 0.5721153846153846 0.24639423076923078 0.6574519230769231
0 0.3401442307692308 0.49278846153846156 0.12860576923076922 0.3701923076923077
0 0.46274038461538464 0.4855769230769231 0.1141826923076923 0.3762019230769231
0 0.7103365384615384 0.6875 0.20432692307692307 0.40625
0 0.8942307692307693 0.6237980769230769 0.20793269230769232 0.5685096153846154
0 0.8737980769230769 0.4411057692307692 0.12860576923076922 0.6153846153846154
0 0.1778846153846154 0.5216346153846154 0.08653846153846154 0.20192307692307693
0 0.3737980769230769 0.2091346153846154 0.10096153846153846 0.10817307692307693
0 0.9567307692307693 0.22355769230769232 0.08413461538461539 0.11538461538461539
0 0.03245192307692308 0.11538461538461539 0.06370192307692307 0.0829326923076923
0 0.4651442307692308 0.21394230769230768 0.08653846153846154 0.09735576923076923
0 0.6634615384615384 0.22235576923076922 0.07211538461538461 0.10817307692307693
0 0.056490384615384616 0.5384615384615384 0.11298076923076923 0.25721153846153844