0 0.6177884615384616 0.5192307692307693 0.046875 0.06850961538461539
0 0.4098557692307692 0.2692307692307692 0.03245192307692308 0.055288461538461536
0 0.33653846153846156 0.28966346153846156 0.027644230769230768 0.046875
0 0.020432692307692308 0.5372596153846154 0.015625 0.09014423076923077
0 0.6009615384615384 0.2127403846153846 0.042067307692307696 0.078125
0 0.7211538461538461 0.25841346153846156 0.0733173076923077 0.046875
0 0.7403846153846154 0.2620192307692308 0.051682692307692304 0.06850961538461539
0 0.24278846153846154 0.3161057692307692 0.020432692307692308 0.030048076923076924
0 0.21634615384615385 0.31490384615384615 0.016826923076923076 0.040865384615384616
0 0.3786057692307692 0.2824519230769231 0.03125 0.046875
0 0.7163461538461539 0.5120192307692307 0.04807692307692308 0.0733173076923077
0 0.03245192307692308 0.5300480769230769 0.014423076923076924 0.06610576923076923
0 0.007211538461538462 0.5252403846153846 0.014423076923076924 0.04807692307692308
0 0.41586538461538464 0.2824519230769231 0.5276442307692307 0.140625