0 0.6610576923076923 0.13701923076923078 0.06610576923076923 0.09735576923076923
0 0.734375 0.6370192307692307 0.08052884615384616 0.20432692307692307
0 0.24519230769230768 0.6550480769230769 0.09014423076923077 0.2512019230769231
0 0.3425480769230769 0.2776442307692308 0.07451923076923077 0.14182692307692307
0 0.34615384615384615 0.7127403846153846 0.036057692307692304 0.1658653846153846
0 0.4074519230769231 0.703125 0.030048076923076924 0.14543269230769232
0 0.8894230769230769 0.25721153846153844 0.04567307692307692 0.12980769230769232
0 0.9471153846153846 0.25240384615384615 0.030048076923076924 0.12740384615384615
0 0.921875 0.22956730769230768 0.027644230769230768 0.09134615384615384
0 0.03245192307692308 0.6838942307692307 0.027644230769230768 0.15985576923076922
0 0.5216346153846154 0.6935096153846154 0.036057692307692304 0.14543269230769232
0 0.5096153846153846 0.2127403846153846 0.020432692307692308 0.06490384615384616
0 0.9879807692307693 0.24278846153846154 0.020432692307692308 0.13581730769230768
0 0.4987980769230769 0.5060096153846154 0.9975961538461539 0.7524038461538461