0 0.35096153846153844 0.5432692307692307 0.04567307692307692 0.18028846153846154
0 0.44711538461538464 0.5384615384615384 0.06129807692307692 0.18028846153846154
0 0.27283653846153844 0.7403846153846154 0.1045673076923077 0.5096153846153846
0 0.23918269230769232 0.7644230769230769 0.09375 0.4675480769230769
0 0.1935096153846154 0.7391826923076923 0.16346153846153846 0.4879807692307692
0 0.5841346153846154 0.5072115384615384 0.03485576923076923 0.12620192307692307
0 0.7800480769230769 0.5625 0.14423076923076922 0.2800480769230769
0 0.8341346153846154 0.4795673076923077 0.051682692307692304 0.0985576923076923
0 0.8894230769230769 0.5625 0.09495192307692307 0.2704326923076923
0 0.3858173076923077 0.5180288461538461 0.04326923076923077 0.12379807692307693
0 0.65625 0.6382211538461539 0.14423076923076922 0.4675480769230769
0 0.9699519230769231 0.5552884615384616 0.038461538461538464 0.25961538461538464
0 0.7223557692307693 0.4675480769230769 0.021634615384615384 0.051682692307692304
0 0.4879807692307692 0.546875 0.4338942307692308 0.18269230769230768