0 0.2091346153846154 0.5216346153846154 0.02403846153846154 0.09254807692307693
0 0.16105769230769232 0.5240384615384616 0.03485576923076923 0.0985576923076923
0 0.14182692307692307 0.5216346153846154 0.02403846153846154 0.08774038461538461
0 0.125 0.5252403846153846 0.021634615384615384 0.08653846153846154
0 0.014423076923076924 0.5144230769230769 0.027644230769230768 0.09735576923076923
0 0.037259615384615384 0.5144230769230769 0.021634615384615384 0.09735576923076923
0 0.9567307692307693 0.6213942307692307 0.08413461538461539 0.30649038461538464
0 0.34615384615384615 0.4254807692307692 0.026442307692307692 0.042067307692307696
0 0.17548076923076922 0.5216346153846154 0.020432692307692308 0.09735576923076923
0 0.04447115384615385 0.5168269230769231 0.030048076923076924 0.07451923076923077
0 0.10096153846153846 0.5288461538461539 0.036057692307692304 0.09975961538461539
0 0.08533653846153846 0.5192307692307693 0.03245192307692308 0.09014423076923077