0 0.45072115384615385 0.9447115384615384 0.11057692307692307 0.10576923076923077
0 0.2439903846153846 0.9338942307692307 0.030048076923076924 0.109375
0 0.1814903846153846 0.9435096153846154 0.09975961538461539 0.109375
0 0.03245192307692308 0.9651442307692307 0.057692307692307696 0.06610576923076923
0 0.2692307692307692 0.9122596153846154 0.019230769230769232 0.06850961538461539
0 0.9747596153846154 0.9254807692307693 0.016826923076923076 0.08774038461538461
0 0.21153846153846154 0.9122596153846154 0.020432692307692308 0.0673076923076923
0 0.4675480769230769 0.9375 0.057692307692307696 0.12139423076923077
0 0.2800480769230769 0.8894230769230769 0.016826923076923076 0.042067307692307696
0 0.5372596153846154 0.9387019230769231 0.06370192307692307 0.11899038461538461
0 0.05889423076923077 0.9411057692307693 0.056490384615384616 0.11538461538461539
0 0.49399038461538464 0.9026442307692307 0.019230769230769232 0.04807692307692308
0 0.1466346153846154 0.8882211538461539 0.010817307692307692 0.019230769230769232