0 0.6370192307692307 0.2980769230769231 0.08413461538461539 0.2704326923076923
0 0.5733173076923077 0.2920673076923077 0.040865384615384616 0.171875
0 0.07692307692307693 0.359375 0.07451923076923077 0.14182692307692307
0 0.7043269230769231 0.33052884615384615 0.06370192307692307 0.07091346153846154
0 0.8846153846153846 0.3269230769230769 0.037259615384615384 0.09254807692307693
0 0.44350961538461536 0.6274038461538461 0.17307692307692307 0.453125
0 0.2512019230769231 0.34375 0.03125 0.04447115384615385
0 0.16466346153846154 0.35216346153846156 0.02403846153846154 0.026442307692307692
0 0.7355769230769231 0.3449519230769231 0.027644230769230768 0.039663461538461536
0 0.8581730769230769 0.35216346153846156 0.025240384615384616 0.026442307692307692
0 0.6947115384615384 0.3485576923076923 0.020432692307692308 0.03365384615384615
0 0.7644230769230769 0.3581730769230769 0.021634615384615384 0.015625