0 0.19591346153846154 0.7487980769230769 0.11057692307692307 0.484375
0 0.5216346153846154 0.7331730769230769 0.08413461538461539 0.4495192307692308
0 0.6598557692307693 0.7355769230769231 0.0625 0.4074519230769231
0 0.7427884615384616 0.7331730769230769 0.06850961538461539 0.4014423076923077
0 0.8052884615384616 0.7439903846153846 0.0673076923076923 0.38221153846153844
0 0.8798076923076923 0.6394230769230769 0.037259615384615384 0.234375
0 0.6141826923076923 0.6153846153846154 0.037259615384615384 0.2512019230769231
0 0.9230769230769231 0.6442307692307693 0.036057692307692304 0.2620192307692308
0 0.703125 0.6622596153846154 0.056490384615384616 0.2860576923076923
0 0.3317307692307692 0.6730769230769231 0.07211538461538461 0.28846153846153844
0 0.27884615384615385 0.7800480769230769 0.15504807692307693 0.4110576923076923
0 0.9615384615384616 0.6526442307692307 0.040865384615384616 0.2403846153846154
0 0.59375 0.6634615384615384 0.05048076923076923 0.2764423076923077
0 0.6177884615384616 0.6382211538461539 0.7596153846153846 0.2980769230769231