0 0.7584134615384616 0.7115384615384616 0.020432692307692308 0.036057692307692304
0 0.22596153846153846 0.7836538461538461 0.015625 0.054086538461538464
0 0.20432692307692307 0.7836538461538461 0.008413461538461538 0.04807692307692308
0 0.0985576923076923 0.7836538461538461 0.014423076923076924 0.06610576923076923
0 0.7331730769230769 0.7163461538461539 0.018028846153846152 0.026442307692307692
0 0.7175480769230769 0.7115384615384616 0.015625 0.02403846153846154
0 0.19591346153846154 0.7764423076923077 0.008413461538461538 0.038461538461538464
0 0.3449519230769231 0.7764423076923077 0.009615384615384616 0.03245192307692308
0 0.3293269230769231 0.7716346153846154 0.006009615384615385 0.036057692307692304
0 0.08052884615384616 0.7836538461538461 0.01201923076923077 0.06610576923076923
0 0.14182692307692307 0.78125 0.01201923076923077 0.054086538461538464
0 0.15745192307692307 0.7848557692307693 0.01201923076923077 0.05048076923076923
0 0.3125 0.78125 0.015625 0.02403846153846154
0 0.3858173076923077 0.7572115384615384 0.7716346153846154 0.12980769230769232