0 0.78125 0.21995192307692307 0.019230769230769232 0.0733173076923077
0 0.5685096153846154 0.4831730769230769 0.20673076923076922 0.8665865384615384
0 0.5204326923076923 0.33774038461538464 0.1658653846153846 0.6286057692307693
0 0.2764423076923077 0.23076923076923078 0.03485576923076923 0.054086538461538464
0 0.8713942307692307 0.20793269230769232 0.027644230769230768 0.054086538461538464
0 0.8497596153846154 0.21153846153846154 0.025240384615384616 0.06009615384615385
0 0.9507211538461539 0.21394230769230768 0.020432692307692308 0.056490384615384616
0 0.8052884615384616 0.203125 0.014423076923076924 0.04326923076923077
0 0.7692307692307693 0.22716346153846154 0.016826923076923076 0.04567307692307692
0 0.8269230769230769 0.21875 0.025240384615384616 0.06610576923076923
0 0.7536057692307693 0.21995192307692307 0.014423076923076924 0.06009615384615385
0 0.6574519230769231 0.46153846153846156 0.140625 0.6442307692307693
0 0.8918269230769231 0.21394230769230768 0.015625 0.03125
0 0.7403846153846154 0.21875 0.019230769230769232 0.05048076923076923