0 0.2620192307692308 0.7584134615384616 0.040865384615384616 0.13341346153846154
0 0.3798076923076923 0.7956730769230769 0.0625 0.09134615384615384
0 0.7055288461538461 0.8545673076923077 0.08653846153846154 0.1622596153846154
0 0.9675480769230769 0.8197115384615384 0.051682692307692304 0.25240384615384615
0 0.46274038461538464 0.7848557692307693 0.026442307692307692 0.12259615384615384
0 0.7752403846153846 0.6911057692307693 0.009615384615384616 0.051682692307692304
0 0.71875 0.6911057692307693 0.015625 0.054086538461538464
0 0.6237980769230769 0.6995192307692307 0.016826923076923076 0.05048076923076923
0 0.24639423076923078 0.703125 0.007211538461538462 0.04807692307692308
0 0.9134615384615384 0.6814903846153846 0.009615384615384616 0.05889423076923077
0 0.44471153846153844 0.7776442307692307 0.05889423076923077 0.17908653846153846
0 0.9302884615384616 0.6995192307692307 0.026442307692307692 0.08173076923076923
0 0.7379807692307693 0.6754807692307693 0.016826923076923076 0.020432692307692308
0 0.47716346153846156 0.7211538461538461 0.9543269230769231 0.1622596153846154