0 0.2860576923076923 0.12259615384615384 0.025240384615384616 0.04927884615384615
0 0.2704326923076923 0.12139423076923077 0.021634615384615384 0.06971153846153846
0 0.22355769230769232 0.1201923076923077 0.025240384615384616 0.04927884615384615
0 0.20793269230769232 0.11658653846153846 0.019230769230769232 0.06129807692307692
0 0.19110576923076922 0.12379807692307693 0.019230769230769232 0.046875
0 0.9326923076923077 0.17908653846153846 0.05048076923076923 0.13341346153846154
0 0.5564903846153846 0.12379807692307693 0.016826923076923076 0.051682692307692304
0 0.9747596153846154 0.20793269230769232 0.04807692307692308 0.18269230769230768
0 0.8822115384615384 0.13942307692307693 0.010817307692307692 0.025240384615384616
0 0.90625 0.15144230769230768 0.015625 0.039663461538461536
0 0.8557692307692307 0.19831730769230768 0.05048076923076923 0.09134615384615384
0 0.3918269230769231 0.328125 0.09975961538461539 0.18269230769230768
0 0.3581730769230769 0.11899038461538461 0.027644230769230768 0.051682692307692304
0 0.48677884615384615 0.13942307692307693 0.9735576923076923 0.1971153846153846