0 0.9266826923076923 0.515625 0.12620192307692307 0.2848557692307692
0 0.1346153846153846 0.6057692307692307 0.1502403846153846 0.671875
0 0.4423076923076923 0.43990384615384615 0.04807692307692308 0.15985576923076922
0 0.25240384615384615 0.42788461538461536 0.036057692307692304 0.07692307692307693
0 0.390625 0.42908653846153844 0.021634615384615384 0.06971153846153846
0 0.3581730769230769 0.42427884615384615 0.01201923076923077 0.037259615384615384
0 0.22956730769230768 0.4230769230769231 0.01201923076923077 0.05048076923076923
0 0.8112980769230769 0.5420673076923077 0.12980769230769232 0.3870192307692308
0 0.5252403846153846 0.4074519230769231 0.014423076923076924 0.037259615384615384
0 0.47115384615384615 0.43509615384615385 0.018028846153846152 0.06971153846153846
0 0.7596153846153846 0.4735576923076923 0.07211538461538461 0.20552884615384615