0 0.10096153846153846 0.6850961538461539 0.13942307692307693 0.4795673076923077
0 0.21634615384615385 0.6610576923076923 0.10817307692307693 0.41466346153846156
0 0.3425480769230769 0.6045673076923077 0.06129807692307692 0.22956730769230768
0 0.45072115384615385 0.5961538461538461 0.0733173076923077 0.22956730769230768
0 0.4831730769230769 0.5420673076923077 0.027644230769230768 0.11658653846153846
0 0.5276442307692307 0.671875 0.10817307692307693 0.22235576923076922
0 0.6129807692307693 0.6923076923076923 0.1935096153846154 0.2608173076923077
0 0.04326923076923077 0.49278846153846156 0.021634615384615384 0.08173076923076923
0 0.01201923076923077 0.5432692307692307 0.02403846153846154 0.16826923076923078
0 0.06971153846153846 0.4831730769230769 0.014423076923076924 0.054086538461538464
0 0.02403846153846154 0.4879807692307692 0.016826923076923076 0.06009615384615385