0 0.2956730769230769 0.19831730769230768 0.021634615384615384 0.042067307692307696
0 0.13701923076923078 0.18028846153846154 0.09375 0.2848557692307692
0 0.057692307692307696 0.19110576923076922 0.08774038461538461 0.24759615384615385
0 0.234375 0.20192307692307693 0.037259615384615384 0.07451923076923077
0 0.19110576923076922 0.16826923076923078 0.06129807692307692 0.25600961538461536
0 0.3894230769230769 0.23677884615384615 0.08413461538461539 0.12740384615384615
0 0.3112980769230769 0.17548076923076922 0.04567307692307692 0.0829326923076923
0 0.5625 0.6153846153846154 0.43149038461538464 0.6935096153846154
0 0.265625 0.19951923076923078 0.03485576923076923 0.05889423076923077
0 0.3641826923076923 0.23798076923076922 0.03485576923076923 0.0733173076923077
0 0.25841346153846156 0.17548076923076922 0.03245192307692308 0.07692307692307693