0 0.07932692307692307 0.421875 0.042067307692307696 0.1502403846153846
0 0.21153846153846154 0.3942307692307692 0.010817307692307692 0.03245192307692308
0 0.3112980769230769 0.39903846153846156 0.009615384615384616 0.04567307692307692
0 0.28725961538461536 0.3942307692307692 0.007211538461538462 0.03125
0 0.23798076923076922 0.40384615384615385 0.007211538461538462 0.015625
0 0.2956730769230769 0.40024038461538464 0.007211538461538462 0.03245192307692308
0 0.40384615384615385 0.39903846153846156 0.004807692307692308 0.019230769230769232
0 0.20192307692307693 0.4098557692307692 0.009615384615384616 0.019230769230769232
0 0.27283653846153844 0.4026442307692308 0.010817307692307692 0.037259615384615384
0 0.17668269230769232 0.40865384615384615 0.015625 0.026442307692307692
0 0.5769230769230769 0.6418269230769231 0.22355769230769232 0.21514423076923078
0 0.030048076923076924 0.4230769230769231 0.02403846153846154 0.040865384615384616
0 0.23557692307692307 0.39663461538461536 0.44711538461538464 0.0733173076923077