0 0.5324519230769231 0.7836538461538461 0.3173076923076923 0.43028846153846156
0 0.33413461538461536 0.6526442307692307 0.34375 0.3112980769230769
0 0.4338942307692308 0.6370192307692307 0.16346153846153846 0.2536057692307692
0 0.6442307692307693 0.640625 0.0889423076923077 0.21875
0 0.7512019230769231 0.6466346153846154 0.12860576923076922 0.234375
0 0.0733173076923077 0.7536057692307693 0.14423076923076922 0.46875
0 0.6502403846153846 0.5432692307692307 0.040865384615384616 0.08173076923076923
0 0.47115384615384615 0.5588942307692307 0.051682692307692304 0.10096153846153846
0 0.9375 0.7536057692307693 0.12139423076923077 0.4879807692307692
0 0.8088942307692307 0.7680288461538461 0.2283653846153846 0.42788461538461536
0 0.796875 0.5348557692307693 0.05048076923076923 0.0733173076923077
0 0.38221153846153844 0.5685096153846154 0.04567307692307692 0.0985576923076923
0 0.5240384615384616 0.6153846153846154 0.0733173076923077 0.22355769230769232