0 0.5697115384615384 0.47836538461538464 0.1141826923076923 0.359375
0 0.6802884615384616 0.5036057692307693 0.10096153846153846 0.39903846153846156
0 0.6586538461538461 0.47596153846153844 0.057692307692307696 0.31850961538461536
0 0.47716346153846156 0.35697115384615385 0.04567307692307692 0.09495192307692307
0 0.3713942307692308 0.375 0.04326923076923077 0.12139423076923077
0 0.6430288461538461 0.38461538461538464 0.04567307692307692 0.20432692307692307
0 0.36538461538461536 0.2764423076923077 0.06129807692307692 0.2439903846153846
0 0.3173076923076923 0.3425480769230769 0.040865384615384616 0.0889423076923077
0 0.046875 0.4338942307692308 0.09375 0.19951923076923078
0 0.6274038461538461 0.38100961538461536 0.03245192307692308 0.109375
0 0.18870192307692307 0.3629807692307692 0.042067307692307696 0.16346153846153846
0 0.41586538461538464 0.35216346153846156 0.042067307692307696 0.125
0 0.5408653846153846 0.359375 0.036057692307692304 0.11538461538461539
0 0.4831730769230769 0.4579326923076923 0.3088942307692308 0.3076923076923077