0 0.36177884615384615 0.2932692307692308 0.16706730769230768 0.4567307692307692
0 0.8786057692307693 0.7572115384615384 0.2403846153846154 0.3233173076923077
0 0.7019230769230769 0.5757211538461539 0.2091346153846154 0.31490384615384615
0 0.6081730769230769 0.5492788461538461 0.21153846153846154 0.27283653846153844
0 0.5444711538461539 0.5576923076923077 0.23557692307692307 0.21875
0 0.4543269230769231 0.5709134615384616 0.18269230769230768 0.17067307692307693
0 0.46274038461538464 0.47596153846153844 0.15625 0.2644230769230769
0 0.8052884615384616 0.6466346153846154 0.22235576923076922 0.2608173076923077
0 0.9230769230769231 0.5504807692307693 0.078125 0.14423076923076922
0 0.9615384615384616 0.5456730769230769 0.0733173076923077 0.2536057692307692
0 0.7175480769230769 0.40625 0.08413461538461539 0.25841346153846156