0 0.6177884615384616 0.4987980769230769 0.7331730769230769 0.9651442307692307
0 0.2439903846153846 0.20673076923076922 0.13221153846153846 0.1466346153846154
0 0.39903846153846156 0.11538461538461539 0.0829326923076923 0.13221153846153846
0 0.4807692307692308 0.10697115384615384 0.109375 0.1201923076923077
0 0.9134615384615384 0.4495192307692308 0.15264423076923078 0.33413461538461536
0 0.9675480769230769 0.19110576923076922 0.0625 0.12139423076923077
0 0.0889423076923077 0.18629807692307693 0.1045673076923077 0.12980769230769232
0 0.3894230769230769 0.19110576923076922 0.0829326923076923 0.06370192307692307
0 0.3112980769230769 0.2956730769230769 0.08653846153846154 0.12620192307692307
0 0.051682692307692304 0.32211538461538464 0.09975961538461539 0.11057692307692307
0 0.8161057692307693 0.3088942307692308 0.07451923076923077 0.11538461538461539
0 0.8918269230769231 0.20673076923076922 0.10817307692307693 0.10817307692307693
0 0.9158653846153846 0.17427884615384615 0.09375 0.15144230769230768
0 0.4987980769230769 0.21514423076923078 0.9963942307692307 0.43028846153846156