0 0.2403846153846154 0.35096153846153844 0.08413461538461539 0.24519230769230768
0 0.014423076923076924 0.6550480769230769 0.028846153846153848 0.12259615384615384
0 0.036057692307692304 0.052884615384615384 0.07211538461538461 0.10576923076923077
0 0.056490384615384616 0.23677884615384615 0.10336538461538461 0.2620192307692308
0 0.0889423076923077 0.6490384615384616 0.1201923076923077 0.1778846153846154
0 0.11177884615384616 0.5865384615384616 0.0985576923076923 0.1658653846153846
0 0.15384615384615385 0.2800480769230769 0.08413461538461539 0.23076923076923078
0 0.21634615384615385 0.625 0.06971153846153846 0.28846153846153844
0 0.27403846153846156 0.6959134615384616 0.04807692307692308 0.14182692307692307
0 0.35096153846153844 0.18269230769230768 0.04567307692307692 0.17067307692307693
0 0.3629807692307692 0.7199519230769231 0.06490384615384616 0.15865384615384615
0 0.3713942307692308 0.4423076923076923 0.07932692307692307 0.13221153846153846
0 0.38341346153846156 0.15865384615384615 0.04567307692307692 0.15384615384615385
0 0.40024038461538464 0.24879807692307693 0.06490384615384616 0.08413461538461539
0 0.40625 0.19110576923076922 0.04567307692307692 0.08173076923076923
0 0.43990384615384615 0.7079326923076923 0.055288461538461536 0.20192307692307693
0 0.45072115384615385 0.2644230769230769 0.052884615384615384 0.11538461538461539
0 0.484375 0.49038461538461536 0.07692307692307693 0.125
0 0.49278846153846156 0.7427884615384616 0.06009615384615385 0.13701923076923078
0 0.5060096153846154 0.6586538461538461 0.055288461538461536 0.11298076923076923
0 0.5516826923076923 0.484375 0.057692307692307696 0.1778846153846154
0 0.7728365384615384 0.7439903846153846 0.4495192307692308 0.25721153846153844
0 0.5733173076923077 0.31850961538461536 0.040865384615384616 0.12980769230769232
0 0.6454326923076923 0.5697115384615384 0.06009615384615385 0.08653846153846154
0 0.6574519230769231 0.5216346153846154 0.07932692307692307 0.14903846153846154
0 0.6538461538461539 0.36538461538461536 0.05048076923076923 0.13701923076923078
0 0.6887019230769231 0.375 0.052884615384615384 0.12980769230769232
0 0.7211538461538461 0.40865384615384615 0.04567307692307692 0.125
0 0.7536057692307693 0.5649038461538461 0.08413461538461539 0.11298076923076923
0 0.7728365384615384 0.6117788461538461 0.07211538461538461 0.09615384615384616
0 0.7800480769230769 0.4651442307692308 0.05048076923076923 0.07932692307692307
0 0.8401442307692307 0.4951923076923077 0.04326923076923077 0.08653846153846154
0 0.9326923076923077 0.6862980769230769 0.12259615384615384 0.10576923076923077
0 0.9447115384615384 0.4098557692307692 0.03365384615384615 0.055288461538461536