0 0.10576923076923077 0.8485576923076923 0.21153846153846154 0.3004807692307692
0 0.23798076923076922 0.8233173076923077 0.038461538461538464 0.1466346153846154
0 0.2608173076923077 0.8233173076923077 0.02403846153846154 0.14423076923076922
0 0.37740384615384615 0.8185096153846154 0.055288461538461536 0.22596153846153846
0 0.47115384615384615 0.7776442307692307 0.026442307692307692 0.10576923076923077
0 0.5072115384615384 0.7896634615384616 0.019230769230769232 0.11057692307692307
0 0.578125 0.7620192307692307 0.019230769230769232 0.09615384615384616
0 0.6526442307692307 0.7572115384615384 0.019230769230769232 0.07692307692307693
0 0.6935096153846154 0.75 0.016826923076923076 0.06490384615384616
0 0.7776442307692307 0.7692307692307693 0.02403846153846154 0.09375
0 0.8966346153846154 0.8449519230769231 0.20432692307692307 0.2764423076923077