0 0.765625 0.5288461538461539 0.057692307692307696 0.13942307692307693
0 0.46875 0.19831730769230768 0.9375 0.39663461538461536
0 0.4987980769230769 0.8028846153846154 0.9975961538461539 0.3894230769230769
0 0.13942307692307693 0.49158653846153844 0.0625 0.09615384615384616
0 0.32091346153846156 0.5420673076923077 0.052884615384615384 0.07451923076923077
0 0.3870192307692308 0.5432692307692307 0.04326923076923077 0.07692307692307693
0 0.4807692307692308 0.5444711538461539 0.0625 0.07692307692307693
0 0.5360576923076923 0.5432692307692307 0.05048076923076923 0.06490384615384616
0 0.5889423076923077 0.5432692307692307 0.052884615384615384 0.07451923076923077
0 0.8173076923076923 0.5552884615384616 0.03365384615384615 0.15384615384615385
0 0.84375 0.5576923076923077 0.028846153846153848 0.1658653846153846