0 0.328125 0.8701923076923077 0.06971153846153846 0.2548076923076923
0 0.4266826923076923 0.43149038461538464 0.0673076923076923 0.11778846153846154
0 0.6021634615384616 0.5108173076923077 0.08653846153846154 0.29086538461538464
0 0.6610576923076923 0.5552884615384616 0.06971153846153846 0.28846153846153844
0 0.6766826923076923 0.9507211538461539 0.0673076923076923 0.09615384615384616
0 0.8052884615384616 0.5528846153846154 0.09134615384615384 0.31009615384615385
0 0.8149038461538461 0.5384615384615384 0.04807692307692308 0.2644230769230769
0 0.8701923076923077 0.5576923076923077 0.08653846153846154 0.28365384615384615
0 0.8870192307692307 0.9603365384615384 0.057692307692307696 0.07692307692307693
0 0.9002403846153846 0.5384615384615384 0.052884615384615384 0.2644230769230769
0 0.9194711538461539 0.6358173076923077 0.08413461538461539 0.3269230769230769