0 0.8713942307692307 0.7764423076923077 0.1346153846153846 0.23798076923076922
0 0.019230769230769232 0.609375 0.03365384615384615 0.0889423076923077
0 0.30288461538461536 0.6334134615384616 0.02403846153846154 0.052884615384615384
0 0.3233173076923077 0.6382211538461539 0.03365384615384615 0.0625
0 0.33413461538461536 0.6586538461538461 0.019230769230769232 0.04326923076923077
0 0.3713942307692308 0.6514423076923077 0.040865384615384616 0.055288461538461536
0 0.42788461538461536 0.6213942307692307 0.04326923076923077 0.038461538461538464
0 0.5925480769230769 0.6153846153846154 0.026442307692307692 0.040865384615384616
0 0.5925480769230769 0.5865384615384616 0.019230769230769232 0.04807692307692308
0 0.6069711538461539 0.6153846153846154 0.03365384615384615 0.04326923076923077
0 0.6153846153846154 0.6935096153846154 0.038461538461538464 0.09375
0 0.6322115384615384 0.6153846153846154 0.02403846153846154 0.04326923076923077
0 0.6838942307692307 0.6069711538461539 0.038461538461538464 0.021634615384615384
0 0.7487980769230769 0.6286057692307693 0.052884615384615384 0.052884615384615384
0 0.7548076923076923 0.5985576923076923 0.019230769230769232 0.04567307692307692
0 0.7632211538461539 0.6237980769230769 0.03125 0.038461538461538464
0 0.7992788461538461 0.609375 0.028846153846153848 0.040865384615384616
0 0.8197115384615384 0.5901442307692307 0.028846153846153848 0.08413461538461539
0 0.8425480769230769 0.6105769230769231 0.019230769230769232 0.038461538461538464
0 0.9831730769230769 0.6129807692307693 0.026442307692307692 0.03365384615384615