0 0.030048076923076924 0.4206730769230769 0.06009615384615385 0.1778846153846154
0 0.06490384615384616 0.4423076923076923 0.12980769230769232 0.3557692307692308
0 0.14423076923076922 0.6971153846153846 0.2860576923076923 0.6033653846153846
0 0.16105769230769232 0.23918269230769232 0.13221153846153846 0.33653846153846156
0 0.24879807692307693 0.4519230769230769 0.15625 0.44711538461538464
0 0.42427884615384615 0.6382211538461539 0.35336538461538464 0.7211538461538461
0 0.44471153846153844 0.921875 0.25961538461538464 0.15144230769230768
0 0.390625 0.2860576923076923 0.07692307692307693 0.23317307692307693
0 0.4567307692307692 0.3641826923076923 0.10576923076923077 0.23317307692307693
0 0.7247596153846154 0.3269230769230769 0.5456730769230769 0.3173076923076923
0 0.6274038461538461 0.44350961538461536 0.17307692307692307 0.5240384615384616
0 0.7980769230769231 0.6610576923076923 0.39903846153846156 0.6730769230769231