0 0.03365384615384615 0.31850961538461536 0.0673076923076923 0.45913461538461536
0 0.11177884615384616 0.31850961538461536 0.08413461538461539 0.4519230769230769
0 0.18269230769230768 0.30649038461538464 0.06490384615384616 0.4182692307692308
0 0.24158653846153846 0.3329326923076923 0.0625 0.35336538461538464
0 0.28846153846153844 0.27283653846153844 0.08413461538461539 0.4326923076923077
0 0.4074519230769231 0.5913461538461539 0.15625 0.5384615384615384
0 0.4375 0.2824519230769231 0.1971153846153846 0.28365384615384615
0 0.5877403846153846 0.32572115384615385 0.10096153846153846 0.40625
0 0.6466346153846154 0.2439903846153846 0.06971153846153846 0.3942307692307692
0 0.6598557692307693 0.35216346153846156 0.04807692307692308 0.31971153846153844
0 0.7391826923076923 0.1814903846153846 0.0889423076923077 0.3245192307692308
0 0.7379807692307693 0.3161057692307692 0.06971153846153846 0.21394230769230768
0 0.8149038461538461 0.36538461538461536 0.057692307692307696 0.2668269230769231
0 0.8425480769230769 0.25841346153846156 0.07932692307692307 0.34375
0 0.9423076923076923 0.3016826923076923 0.10096153846153846 0.42788461538461536