0 0.09134615384615384 0.6959134615384616 0.07932692307692307 0.3293269230769231
0 0.13701923076923078 0.5060096153846154 0.07211538461538461 0.16826923076923078
0 0.140625 0.640625 0.0673076923076923 0.23076923076923078
0 0.1875 0.7115384615384616 0.08413461538461539 0.24278846153846154
0 0.20432692307692307 0.5324519230769231 0.06009615384615385 0.25240384615384615
0 0.2512019230769231 0.6201923076923077 0.0673076923076923 0.3293269230769231
0 0.27884615384615385 0.7367788461538461 0.0985576923076923 0.21875
0 0.2824519230769231 0.5192307692307693 0.05048076923076923 0.2403846153846154
0 0.3125 0.5865384615384616 0.07211538461538461 0.2980769230769231
0 0.3293269230769231 0.5396634615384616 0.05048076923076923 0.25240384615384615
0 0.3581730769230769 0.7463942307692307 0.08173076923076923 0.23557692307692307
0 0.3605769230769231 0.37740384615384615 0.05048076923076923 0.18990384615384615
0 0.3786057692307692 0.6105769230769231 0.06971153846153846 0.34615384615384615
0 0.38221153846153844 0.46274038461538464 0.07692307692307693 0.1346153846153846
0 0.3942307692307692 0.38341346153846156 0.06009615384615385 0.18509615384615385
0 0.4387019230769231 0.7475961538461539 0.0889423076923077 0.2091346153846154
0 0.43149038461538464 0.6117788461538461 0.057692307692307696 0.31490384615384615
0 0.4326923076923077 0.46634615384615385 0.040865384615384616 0.11538461538461539
0 0.4423076923076923 0.375 0.04567307692307692 0.16826923076923078
0 0.4675480769230769 0.36899038461538464 0.06009615384615385 0.15144230769230768
0 0.4699519230769231 0.4519230769230769 0.06490384615384616 0.1346153846153846
0 0.47475961538461536 0.6021634615384616 0.055288461538461536 0.3245192307692308
0 0.5240384615384616 0.7259615384615384 0.08413461538461539 0.23557692307692307
0 0.5084134615384616 0.4026442307692308 0.04807692307692308 0.18990384615384615
0 0.5240384615384616 0.4879807692307692 0.06971153846153846 0.15144230769230768
0 0.5420673076923077 0.5913461538461539 0.06971153846153846 0.22596153846153846
0 0.5552884615384616 0.3545673076923077 0.07932692307692307 0.23076923076923078
0 0.5612980769230769 0.5540865384615384 0.04326923076923077 0.2644230769230769
0 0.5865384615384616 0.3798076923076923 0.06490384615384616 0.1971153846153846
0 0.59375 0.7223557692307693 0.07451923076923077 0.2403846153846154
0 0.5997596153846154 0.5721153846153846 0.06490384615384616 0.22355769230769232
0 0.6081730769230769 0.48197115384615385 0.05048076923076923 0.1346153846153846
0 0.6394230769230769 0.5540865384615384 0.040865384615384616 0.28365384615384615
0 0.6682692307692307 0.7211538461538461 0.08653846153846154 0.2091346153846154
0 0.671875 0.5456730769230769 0.06971153846153846 0.2668269230769231
0 0.7079326923076923 0.53125 0.07211538461538461 0.2548076923076923
0 0.7451923076923077 0.7415865384615384 0.10096153846153846 0.20432692307692307
0 0.7644230769230769 0.6237980769230769 0.11778846153846154 0.34134615384615385
0 0.7704326923076923 0.4699519230769231 0.04567307692307692 0.12980769230769232
0 0.7728365384615384 0.5048076923076923 0.038461538461538464 0.11778846153846154
0 0.8088942307692307 0.4987980769230769 0.0625 0.15384615384615385
0 0.8365384615384616 0.6802884615384616 0.0889423076923077 0.33413461538461536
0 0.8569711538461539 0.5649038461538461 0.06971153846153846 0.3269230769230769