0 0.2764423076923077 0.5168269230769231 0.5528846153846154 0.22115384615384615
0 0.18990384615384615 0.6538461538461539 0.13942307692307693 0.3870192307692308
0 0.5576923076923077 0.4855769230769231 0.06009615384615385 0.14182692307692307
0 0.6105769230769231 0.47596153846153844 0.03365384615384615 0.07451923076923077
0 0.6322115384615384 0.5072115384615384 0.040865384615384616 0.0673076923076923
0 0.6310096153846154 0.4639423076923077 0.03365384615384615 0.05048076923076923
0 0.6502403846153846 0.4495192307692308 0.016826923076923076 0.040865384615384616
0 0.6586538461538461 0.4675480769230769 0.02403846153846154 0.04326923076923077
0 0.6766826923076923 0.5144230769230769 0.040865384615384616 0.04567307692307692
0 0.7103365384615384 0.46033653846153844 0.04326923076923077 0.07932692307692307
0 0.7043269230769231 0.5108173076923077 0.019230769230769232 0.04807692307692308
0 0.7584134615384616 0.609375 0.10817307692307693 0.25961538461538464
0 0.7487980769230769 0.4651442307692308 0.05048076923076923 0.0889423076923077
0 0.8221153846153846 0.6983173076923077 0.1466346153846154 0.24519230769230768
0 0.7872596153846154 0.47475961538461536 0.04326923076923077 0.09375
0 0.8173076923076923 0.5192307692307693 0.040865384615384616 0.0673076923076923
0 0.8269230769230769 0.46153846153846156 0.04326923076923077 0.07692307692307693
0 0.8629807692307693 0.5168269230769231 0.04326923076923077 0.07451923076923077
0 0.8882211538461539 0.4807692307692308 0.04807692307692308 0.09375
0 0.9459134615384616 0.9326923076923077 0.10576923076923077 0.13221153846153846
0 0.9098557692307693 0.5360576923076923 0.028846153846153848 0.04567307692307692
0 0.9399038461538461 0.46033653846153844 0.04807692307692308 0.0889423076923077
0 0.9362980769230769 0.5252403846153846 0.038461538461538464 0.06009615384615385
0 0.9783653846153846 0.5348557692307693 0.040865384615384616 0.08173076923076923