0 0.013221153846153846 0.5264423076923077 0.026442307692307692 0.1658653846153846
0 0.04567307692307692 0.5348557692307693 0.026442307692307692 0.14182692307692307
0 0.11177884615384616 0.5264423076923077 0.040865384615384616 0.1778846153846154
0 0.13221153846153846 0.5384615384615384 0.03125 0.14423076923076922
0 0.19471153846153846 0.5324519230769231 0.03365384615384615 0.13942307692307693
0 0.23317307692307693 0.53125 0.028846153846153848 0.10817307692307693
0 0.26802884615384615 0.5420673076923077 0.03365384615384615 0.13701923076923078
0 0.30288461538461536 0.5360576923076923 0.028846153846153848 0.1658653846153846
0 0.35697115384615385 0.5528846153846154 0.07932692307692307 0.18028846153846154
0 0.359375 0.5408653846153846 0.03125 0.14903846153846154
0 0.49158653846153844 0.6177884615384616 0.0673076923076923 0.41586538461538464
0 0.5060096153846154 0.4495192307692308 0.019230769230769232 0.052884615384615384
0 0.5576923076923077 0.6706730769230769 0.0889423076923077 0.5384615384615384
0 0.6286057692307693 0.6887019230769231 0.10096153846153846 0.6129807692307693