0 0.05048076923076923 0.4495192307692308 0.07211538461538461 0.12740384615384615
0 0.10216346153846154 0.47716346153846156 0.08173076923076923 0.08653846153846154
0 0.1201923076923077 0.5985576923076923 0.038461538461538464 0.22355769230769232
0 0.19230769230769232 0.5985576923076923 0.01201923076923077 0.05048076923076923
0 0.2091346153846154 0.5997596153846154 0.01201923076923077 0.05048076923076923
0 0.22956730769230768 0.5949519230769231 0.021634615384615384 0.12259615384615384
0 0.25961538461538464 0.5889423076923077 0.021634615384615384 0.08413461538461539
0 0.27163461538461536 0.5949519230769231 0.028846153846153848 0.09134615384615384
0 0.30649038461538464 0.5745192307692307 0.016826923076923076 0.06009615384615385
0 0.3293269230769231 0.5949519230769231 0.05048076923076923 0.15144230769230768
0 0.3870192307692308 0.5372596153846154 0.11057692307692307 0.29086538461538464
0 0.43149038461538464 0.5745192307692307 0.057692307692307696 0.17067307692307693
0 0.4831730769230769 0.5805288461538461 0.040865384615384616 0.13701923076923078
0 0.5240384615384616 0.5877403846153846 0.055288461538461536 0.15384615384615385
0 0.5600961538461539 0.5877403846153846 0.04326923076923077 0.1346153846153846
0 0.5889423076923077 0.5877403846153846 0.026442307692307692 0.13942307692307693
0 0.6105769230769231 0.5793269230769231 0.03365384615384615 0.15865384615384615
0 0.6430288461538461 0.578125 0.04567307692307692 0.17307692307692307
0 0.7403846153846154 0.5733173076923077 0.15625 0.23076923076923078
0 0.9362980769230769 0.5889423076923077 0.04326923076923077 0.25721153846153844