0 0.013221153846153846 0.6057692307692307 0.026442307692307692 0.04807692307692308
0 0.014423076923076924 0.23557692307692307 0.028846153846153848 0.040865384615384616
0 0.018028846153846152 0.27163461538461536 0.036057692307692304 0.08413461538461539
0 0.05889423076923077 0.49158653846153844 0.11778846153846154 0.125
0 0.040865384615384616 0.234375 0.036057692307692304 0.055288461538461536
0 0.07932692307692307 0.17427884615384615 0.026442307692307692 0.04567307692307692
0 0.09495192307692307 0.1778846153846154 0.036057692307692304 0.04807692307692308
0 0.18269230769230768 0.6394230769230769 0.1346153846153846 0.2692307692307692
0 0.13701923076923078 0.16826923076923078 0.03125 0.05048076923076923
0 0.20673076923076922 0.3858173076923077 0.0625 0.12740384615384615
0 0.20552884615384615 0.21754807692307693 0.04567307692307692 0.06971153846153846
0 0.24278846153846154 0.5072115384615384 0.10817307692307693 0.12740384615384615
0 0.2512019230769231 0.3401442307692308 0.055288461538461536 0.07211538461538461
0 0.24879807692307693 0.18269230769230768 0.02403846153846154 0.04326923076923077
0 0.2920673076923077 0.4651442307692308 0.10336538461538461 0.13221153846153846
0 0.2668269230769231 0.31850961538461536 0.040865384615384616 0.0625
0 0.30528846153846156 0.28125 0.036057692307692304 0.057692307692307696
0 0.33774038461538464 0.36899038461538464 0.07451923076923077 0.07692307692307693
0 0.33653846153846156 0.39903846153846156 0.06009615384615385 0.0985576923076923
0 0.3269230769230769 0.2704326923076923 0.03365384615384615 0.036057692307692304
0 0.3425480769230769 0.2668269230769231 0.040865384615384616 0.04807692307692308
0 0.3762019230769231 0.1778846153846154 0.0673076923076923 0.06971153846153846
0 0.40865384615384615 0.6586538461538461 0.12259615384615384 0.3317307692307692
0 0.36899038461538464 0.3425480769230769 0.040865384615384616 0.06009615384615385
0 0.3798076923076923 0.29927884615384615 0.03365384615384615 0.036057692307692304
0 0.39903846153846156 0.30288461538461536 0.038461538461538464 0.05048076923076923
0 0.44350961538461536 0.4987980769230769 0.12259615384615384 0.125
0 0.4014423076923077 0.2608173076923077 0.026442307692307692 0.040865384615384616
0 0.41225961538461536 0.27163461538461536 0.036057692307692304 0.04326923076923077
0 0.43028846153846156 0.44471153846153844 0.06971153846153846 0.10576923076923077
0 0.4423076923076923 0.25600961538461536 0.04807692307692308 0.10576923076923077
0 0.4639423076923077 0.4014423076923077 0.06009615384615385 0.08413461538461539
0 0.4723557692307692 0.34615384615384615 0.057692307692307696 0.052884615384615384
0 0.4855769230769231 0.3293269230769231 0.0673076923076923 0.07692307692307693
0 0.4831730769230769 0.2860576923076923 0.06009615384615385 0.04807692307692308
0 0.49158653846153844 0.2980769230769231 0.052884615384615384 0.04807692307692308
0 0.5024038461538461 0.24639423076923078 0.038461538461538464 0.04326923076923077
0 0.5072115384615384 0.2668269230769231 0.04807692307692308 0.05048076923076923
0 0.5036057692307693 0.234375 0.02403846153846154 0.03365384615384615
0 0.5252403846153846 0.20552884615384615 0.028846153846153848 0.0673076923076923
0 0.5612980769230769 0.2824519230769231 0.026442307692307692 0.028846153846153848
0 0.578125 0.2860576923076923 0.057692307692307696 0.04326923076923077
0 0.5697115384615384 0.2668269230769231 0.038461538461538464 0.036057692307692304
0 0.5637019230769231 0.25240384615384615 0.019230769230769232 0.019230769230769232
0 0.5709134615384616 0.3173076923076923 0.03365384615384615 0.057692307692307696
0 0.5721153846153846 0.23317307692307693 0.03365384615384615 0.028846153846153848
0 0.5997596153846154 0.46875 0.08173076923076923 0.15144230769230768
0 0.59375 0.31971153846153844 0.0673076923076923 0.0625
0 0.6057692307692307 0.38100961538461536 0.08653846153846154 0.08653846153846154
0 0.5841346153846154 0.35336538461538464 0.038461538461538464 0.0625
0 0.6081730769230769 0.40625 0.08653846153846154 0.10096153846153846
0 0.6394230769230769 0.5216346153846154 0.11298076923076923 0.12980769230769232
0 0.6478365384615384 0.6550480769230769 0.12740384615384615 0.27163461538461536
0 0.6382211538461539 0.2439903846153846 0.038461538461538464 0.05048076923076923
0 0.6574519230769231 0.2692307692307692 0.038461538461538464 0.05048076923076923
0 0.6670673076923077 0.29086538461538464 0.04807692307692308 0.05048076923076923
0 0.6730769230769231 0.3125 0.04326923076923077 0.06490384615384616
0 0.6899038461538461 0.33052884615384615 0.04326923076923077 0.06009615384615385
0 0.7091346153846154 0.3473557692307692 0.04807692307692308 0.06009615384615385
0 0.7283653846153846 0.37740384615384615 0.0625 0.08173076923076923
0 0.7536057692307693 0.4110576923076923 0.07932692307692307 0.08413461538461539
0 0.78125 0.47836538461538464 0.07451923076923077 0.12980769230769232
0 0.8137019230769231 0.5144230769230769 0.07211538461538461 0.12259615384615384
0 0.890625 0.6550480769230769 0.1778846153846154 0.22596153846153846
0 0.8798076923076923 0.49278846153846156 0.08413461538461539 0.14423076923076922