0 0.7043269230769231 0.6959134615384616 0.06971153846153846 0.3870192307692308
0 0.2800480769230769 0.3870192307692308 0.02403846153846154 0.06971153846153846
0 0.30649038461538464 0.38100961538461536 0.016826923076923076 0.08413461538461539
0 0.328125 0.3858173076923077 0.026442307692307692 0.10336538461538461
0 0.36899038461538464 0.3894230769230769 0.028846153846153848 0.10096153846153846
0 0.421875 0.390625 0.021634615384615384 0.10576923076923077
0 0.49278846153846156 0.3798076923076923 0.06009615384615385 0.12980769230769232
0 0.5084134615384616 0.7271634615384616 0.05048076923076923 0.36778846153846156
0 0.5528846153846154 0.3798076923076923 0.04807692307692308 0.11778846153846154
0 0.6201923076923077 0.3798076923076923 0.026442307692307692 0.11538461538461539
0 0.6586538461538461 0.375 0.019230769230769232 0.11778846153846154
0 0.6850961538461539 0.37740384615384615 0.026442307692307692 0.0985576923076923
0 0.6935096153846154 0.37259615384615385 0.02403846153846154 0.0889423076923077
0 0.7127403846153846 0.3894230769230769 0.026442307692307692 0.0889423076923077
0 0.8016826923076923 0.5444711538461539 0.0625 0.22115384615384615
0 0.8521634615384616 0.5444711538461539 0.0625 0.23557692307692307
0 0.9026442307692307 0.5492788461538461 0.055288461538461536 0.21153846153846154
0 0.953125 0.546875 0.0625 0.23798076923076922
0 0.9867788461538461 0.5024038461538461 0.02403846153846154 0.18990384615384615