0 0.046875 0.31490384615384615 0.09375 0.125
0 0.11899038461538461 0.49759615384615385 0.23798076923076922 0.1875
0 0.07091346153846154 0.6189903846153846 0.009615384615384616 0.03365384615384615
0 0.08173076923076923 0.7379807692307693 0.026442307692307692 0.07451923076923077
0 0.08533653846153846 0.5877403846153846 0.014423076923076924 0.02403846153846154
0 0.17427884615384615 0.32091346153846156 0.15865384615384615 0.11778846153846154
0 0.09975961538461539 0.6370192307692307 0.009615384615384616 0.038461538461538464
0 0.11177884615384616 0.5997596153846154 0.01201923076923077 0.03365384615384615
0 0.1201923076923077 0.6057692307692307 0.009615384615384616 0.028846153846153848
0 0.18509615384615385 0.6478365384615384 0.014423076923076924 0.04326923076923077
0 0.39302884615384615 0.4831730769230769 0.28846153846153844 0.1466346153846154
0 0.35336538461538464 0.32211538461538464 0.19230769230769232 0.11298076923076923
0 0.3016826923076923 0.8425480769230769 0.026442307692307692 0.10576923076923077
0 0.30408653846153844 0.5853365384615384 0.016826923076923076 0.016826923076923076
0 0.3137019230769231 0.609375 0.009615384615384616 0.03125
0 0.3173076923076923 0.5817307692307693 0.014423076923076924 0.02403846153846154
0 0.328125 0.5829326923076923 0.016826923076923076 0.02403846153846154
0 0.3389423076923077 0.6778846153846154 0.016826923076923076 0.055288461538461536
0 0.42788461538461536 0.6201923076923077 0.009615384615384616 0.04326923076923077
0 0.5072115384615384 0.328125 0.12740384615384615 0.0985576923076923
0 0.5276442307692307 0.578125 0.13942307692307693 0.04326923076923077
0 0.4963942307692308 0.6009615384615384 0.009615384615384616 0.036057692307692304
0 0.5012019230769231 0.7067307692307693 0.019230769230769232 0.06971153846153846
0 0.5324519230769231 0.6334134615384616 0.01201923076923077 0.038461538461538464
0 0.6129807692307693 0.6129807692307693 0.009615384615384616 0.04326923076923077
0 0.6165865384615384 0.578125 0.01201923076923077 0.028846153846153848
0 0.8100961538461539 0.5036057692307693 0.37740384615384615 0.2091346153846154
0 0.8221153846153846 0.2776442307692308 0.35096153846153844 0.12740384615384615
0 0.7836538461538461 0.6538461538461539 0.014423076923076924 0.06009615384615385
0 0.8545673076923077 0.7740384615384616 0.021634615384615384 0.09375
0 0.8894230769230769 0.6009615384615384 0.01201923076923077 0.04326923076923077
0 0.8930288461538461 0.6117788461538461 0.016826923076923076 0.04807692307692308
0 0.9086538461538461 0.6778846153846154 0.014423076923076924 0.06490384615384616
0 0.9387019230769231 0.5961538461538461 0.014423076923076924 0.052884615384615384
0 0.9603365384615384 0.6057692307692307 0.014423076923076924 0.0625