0 0.7908653846153846 0.5300480769230769 0.06490384615384616 0.20432692307692307
0 0.25240384615384615 0.5757211538461539 0.052884615384615384 0.2403846153846154
0 0.3125 0.5841346153846154 0.057692307692307696 0.23317307692307693
0 0.3545673076923077 0.6045673076923077 0.052884615384615384 0.2283653846153846
0 0.41947115384615385 0.5961538461538461 0.055288461538461536 0.1971153846153846
0 0.4651442307692308 0.5444711538461539 0.055288461538461536 0.23557692307692307
0 0.5024038461538461 0.5721153846153846 0.0889423076923077 0.2091346153846154
0 0.5709134615384616 0.5673076923076923 0.05048076923076923 0.22115384615384615
0 0.6213942307692307 0.5697115384615384 0.05048076923076923 0.22596153846153846
0 0.6814903846153846 0.5060096153846154 0.055288461538461536 0.20673076923076922
0 0.7319711538461539 0.5144230769230769 0.06971153846153846 0.21153846153846154
0 0.8689903846153846 0.5216346153846154 0.0673076923076923 0.22115384615384615