0 0.020432692307692308 0.15745192307692307 0.040865384615384616 0.12740384615384615
0 0.021634615384615384 0.078125 0.04326923076923077 0.06971153846153846
0 0.11538461538461539 0.6875 0.23076923076923078 0.6201923076923077
0 0.05889423076923077 0.23076923076923078 0.09375 0.17548076923076922
0 0.12259615384615384 0.38461538461538464 0.14423076923076922 0.30528846153846156
0 0.08052884615384616 0.09615384615384616 0.038461538461538464 0.07692307692307693
0 0.08533653846153846 0.17548076923076922 0.036057692307692304 0.09615384615384616
0 0.11057692307692307 0.12980769230769232 0.040865384615384616 0.08413461538461539
0 0.13701923076923078 0.2764423076923077 0.09134615384615384 0.1466346153846154
0 0.27403846153846156 0.6514423076923077 0.25 0.6490384615384616
0 0.17668269230769232 0.17908653846153846 0.055288461538461536 0.1201923076923077
0 0.18990384615384615 0.125 0.036057692307692304 0.08173076923076923
0 0.20072115384615385 0.10697115384615384 0.03365384615384615 0.10096153846153846
0 0.22355769230769232 0.20192307692307693 0.07211538461538461 0.07451923076923077
0 0.24759615384615385 0.35697115384615385 0.11778846153846154 0.22596153846153846
0 0.23557692307692307 0.11177884615384616 0.04567307692307692 0.10096153846153846
0 0.27524038461538464 0.15745192307692307 0.06009615384615385 0.09615384615384616
0 0.2620192307692308 0.09375 0.019230769230769232 0.03125
0 0.2848557692307692 0.23076923076923078 0.040865384615384616 0.0985576923076923
0 0.3004807692307692 0.29927884615384615 0.06971153846153846 0.16346153846153846
0 0.296875 0.1141826923076923 0.036057692307692304 0.052884615384615384
0 0.32572115384615385 0.359375 0.08173076923076923 0.15625
0 0.3125 0.14302884615384615 0.03365384615384615 0.057692307692307696
0 0.4170673076923077 0.6021634615384616 0.23317307692307693 0.5576923076923077
0 0.33774038461538464 0.07091346153846154 0.02403846153846154 0.055288461538461536
0 0.3641826923076923 0.17067307692307693 0.055288461538461536 0.09134615384615384
0 0.3737980769230769 0.2668269230769231 0.05048076923076923 0.11778846153846154
0 0.36899038461538464 0.07451923076923077 0.021634615384615384 0.052884615384615384
0 0.3918269230769231 0.15985576923076922 0.02403846153846154 0.052884615384615384
0 0.4050480769230769 0.23317307692307693 0.04326923076923077 0.09134615384615384
0 0.41947115384615385 0.328125 0.0625 0.14903846153846154
0 0.4074519230769231 0.078125 0.02403846153846154 0.07451923076923077
0 0.41586538461538464 0.18990384615384615 0.036057692307692304 0.07451923076923077
0 0.43149038461538464 0.28966346153846156 0.036057692307692304 0.11057692307692307
0 0.5144230769230769 0.5889423076923077 0.19230769230769232 0.47596153846153844
0 0.43509615384615385 0.08533653846153846 0.019230769230769232 0.0889423076923077
0 0.4519230769230769 0.09134615384615384 0.026442307692307692 0.07451923076923077
0 0.46153846153846156 0.22355769230769232 0.038461538461538464 0.09375
0 0.47836538461538464 0.10336538461538461 0.02403846153846154 0.0673076923076923
0 0.49399038461538464 0.2920673076923077 0.055288461538461536 0.13701923076923078
0 0.5697115384615384 0.5444711538461539 0.16826923076923078 0.42788461538461536
0 0.5036057692307693 0.22115384615384615 0.03365384615384615 0.08413461538461539
0 0.5432692307692307 0.26802884615384615 0.04326923076923077 0.11298076923076923
0 0.5793269230769231 0.33774038461538464 0.038461538461538464 0.12980769230769232
0 0.6658653846153846 0.5216346153846154 0.20673076923076922 0.37740384615384615
0 0.6225961538461539 0.30408653846153844 0.055288461538461536 0.14182692307692307
0 0.6887019230769231 0.5060096153846154 0.13701923076923078 0.3173076923076923
0 0.6742788461538461 0.29086538461538464 0.038461538461538464 0.08173076923076923
0 0.6790865384615384 0.23557692307692307 0.028846153846153848 0.052884615384615384
0 0.7307692307692307 0.49759615384615385 0.13221153846153846 0.30288461538461536
0 0.7283653846153846 0.3858173076923077 0.07932692307692307 0.19230769230769232
0 0.7151442307692307 0.2620192307692308 0.019230769230769232 0.04807692307692308
0 0.7427884615384616 0.35697115384615385 0.05048076923076923 0.1466346153846154
0 0.828125 0.453125 0.10817307692307693 0.2548076923076923
0 0.8581730769230769 0.4519230769230769 0.10576923076923077 0.21875
0 0.8353365384615384 0.25721153846153844 0.055288461538461536 0.10817307692307693
0 0.8858173076923077 0.44350961538461536 0.10817307692307693 0.1971153846153846
0 0.8774038461538461 0.2764423076923077 0.04567307692307692 0.10096153846153846
0 0.9675480769230769 0.3269230769230769 0.04567307692307692 0.125