0 0.6225961538461539 0.6598557692307693 0.06009615384615385 0.14423076923076922
0 0.2620192307692308 0.6586538461538461 0.03365384615384615 0.10817307692307693
0 0.3485576923076923 0.6538461538461539 0.03365384615384615 0.10576923076923077
0 0.38461538461538464 0.6670673076923077 0.028846153846153848 0.06490384615384616
0 0.4254807692307692 0.6310096153846154 0.028846153846153848 0.08173076923076923
0 0.5432692307692307 0.6838942307692307 0.040865384615384616 0.0625
0 0.6983173076923077 0.6045673076923077 0.02403846153846154 0.07932692307692307
0 0.7163461538461539 0.6586538461538461 0.038461538461538464 0.13221153846153846
0 0.8677884615384616 0.6430288461538461 0.028846153846153848 0.11298076923076923
0 0.9098557692307693 0.6502403846153846 0.03365384615384615 0.12259615384615384
0 0.953125 0.6502403846153846 0.021634615384615384 0.019230769230769232