0 0.33533653846153844 0.625 0.08413461538461539 0.2860576923076923
0 0.07211538461538461 0.2800480769230769 0.055288461538461536 0.0673076923076923
0 0.29447115384615385 0.6057692307692307 0.07451923076923077 0.1658653846153846
0 0.4675480769230769 0.6358173076923077 0.0673076923076923 0.06971153846153846
0 0.546875 0.6766826923076923 0.0985576923076923 0.2668269230769231
0 0.5300480769230769 0.4795673076923077 0.038461538461538464 0.09615384615384616
0 0.6009615384615384 0.7079326923076923 0.15144230769230768 0.3605769230769231
0 0.7247596153846154 0.4735576923076923 0.038461538461538464 0.052884615384615384
0 0.7728365384615384 0.4483173076923077 0.04807692307692308 0.02403846153846154
0 0.8269230769230769 0.6358173076923077 0.0889423076923077 0.07451923076923077
0 0.9002403846153846 0.4963942307692308 0.07692307692307693 0.0625
0 0.9254807692307693 0.453125 0.055288461538461536 0.026442307692307692