0 0.6165865384615384 0.6706730769230769 0.07451923076923077 0.3076923076923077
0 0.29927884615384615 0.5997596153846154 0.5985576923076923 0.14182692307692307
0 0.12139423076923077 0.6778846153846154 0.07692307692307693 0.37259615384615385
0 0.1814903846153846 0.6754807692307693 0.0625 0.2956730769230769
0 0.2283653846153846 0.6478365384615384 0.06009615384615385 0.28365384615384615
0 0.2668269230769231 0.6310096153846154 0.052884615384615384 0.2668269230769231
0 0.2920673076923077 0.6358173076923077 0.026442307692307692 0.2091346153846154
0 0.31971153846153844 0.6213942307692307 0.036057692307692304 0.20432692307692307
0 0.34134615384615385 0.6129807692307693 0.028846153846153848 0.19230769230769232
0 0.36899038461538464 0.6105769230769231 0.036057692307692304 0.18509615384615385
0 0.47115384615384615 0.5036057692307693 0.021634615384615384 0.040865384615384616
0 0.5108173076923077 0.6081730769230769 0.05048076923076923 0.15865384615384615
0 0.5432692307692307 0.5036057692307693 0.016826923076923076 0.055288461538461536
0 0.6153846153846154 0.5108173076923077 0.02403846153846154 0.055288461538461536
0 0.6658653846153846 0.6298076923076923 0.021634615384615384 0.17307692307692307
0 0.6850961538461539 0.6177884615384616 0.009615384615384616 0.12259615384615384
0 0.7295673076923077 0.6334134615384616 0.019230769230769232 0.15384615384615385
0 0.7451923076923077 0.6334134615384616 0.040865384615384616 0.19471153846153846
0 0.8461538461538461 0.609375 0.036057692307692304 0.15384615384615385
0 0.9579326923076923 0.41947115384615385 0.052884615384615384 0.18269230769230768