0 0.2548076923076923 0.7427884615384616 0.12740384615384615 0.23557692307692307
0 0.06009615384615385 0.10576923076923077 0.09375 0.1466346153846154
0 0.06129807692307692 0.4362980769230769 0.09134615384615384 0.1466346153846154
0 0.12379807692307693 0.17307692307692307 0.11057692307692307 0.17307692307692307
0 0.14543269230769232 0.5661057692307693 0.10576923076923077 0.15865384615384615
0 0.20192307692307693 0.04447115384615385 0.10576923076923077 0.0889423076923077
0 0.22235576923076922 0.25240384615384615 0.1346153846153846 0.21394230769230768
0 0.27163461538461536 0.06850961538461539 0.09615384615384616 0.13701923076923078
0 0.2920673076923077 0.09134615384615384 0.10576923076923077 0.11298076923076923
0 0.36658653846153844 0.37740384615384615 0.15865384615384615 0.2668269230769231
0 0.39783653846153844 0.9278846153846154 0.14903846153846154 0.14182692307692307
0 0.38341346153846156 0.15745192307692307 0.0985576923076923 0.16826923076923078
0 0.43509615384615385 0.17668269230769232 0.1201923076923077 0.12980769230769232
0 0.5288461538461539 0.5516826923076923 0.18990384615384615 0.33413461538461536
0 0.5360576923076923 0.27163461538461536 0.11778846153846154 0.20432692307692307
0 0.5985576923076923 0.2980769230769231 0.12980769230769232 0.15144230769230768
0 0.6875 0.109375 0.13942307692307693 0.19951923076923078
0 0.7776442307692307 0.7872596153846154 0.23317307692307693 0.40865384615384615
0 0.7403846153846154 0.39783653846153844 0.14182692307692307 0.2548076923076923
0 0.8317307692307693 0.4483173076923077 0.14903846153846154 0.18509615384615385
0 0.9411057692307693 0.20793269230769232 0.11298076923076923 0.19471153846153846
0 0.9555288461538461 0.5985576923076923 0.08653846153846154 0.28365384615384615