0 0.026442307692307692 0.8461538461538461 0.05048076923076923 0.27163461538461536
0 0.2704326923076923 0.8004807692307693 0.06009615384615385 0.19951923076923078
0 0.3233173076923077 0.7824519230769231 0.04807692307692308 0.19951923076923078
0 0.4483173076923077 0.7536057692307693 0.03365384615384615 0.13221153846153846
0 0.45552884615384615 0.7007211538461539 0.019230769230769232 0.04807692307692308
0 0.49038461538461536 0.7331730769230769 0.028846153846153848 0.08413461538461539
0 0.5084134615384616 0.7427884615384616 0.02403846153846154 0.11057692307692307
0 0.5300480769230769 0.7367788461538461 0.028846153846153848 0.09134615384615384
0 0.5769230769230769 0.7776442307692307 0.06971153846153846 0.23317307692307693
0 0.6358173076923077 0.8161057692307693 0.055288461538461536 0.18990384615384615
0 0.6262019230769231 0.7307692307692307 0.019230769230769232 0.0673076923076923
0 0.6430288461538461 0.7091346153846154 0.016826923076923076 0.019230769230769232
0 0.7235576923076923 0.7704326923076923 0.04567307692307692 0.1658653846153846
0 0.7439903846153846 0.7259615384615384 0.026442307692307692 0.09134615384615384
0 0.8617788461538461 0.8617788461538461 0.10817307692307693 0.25961538461538464