0 0.23197115384615385 0.5432692307692307 0.052884615384615384 0.16346153846153846
0 0.2800480769230769 0.5516826923076923 0.036057692307692304 0.15144230769230768
0 0.36778846153846156 0.5384615384615384 0.026442307692307692 0.10576923076923077
0 0.41586538461538464 0.5396634615384616 0.026442307692307692 0.10817307692307693
0 0.4651442307692308 0.5504807692307693 0.028846153846153848 0.14182692307692307
0 0.49759615384615385 0.5456730769230769 0.040865384615384616 0.15865384615384615
0 0.5300480769230769 0.5408653846153846 0.02403846153846154 0.12259615384615384
0 0.5637019230769231 0.5384615384615384 0.038461538461538464 0.12740384615384615
0 0.609375 0.5817307692307693 0.038461538461538464 0.14182692307692307
0 0.6334134615384616 0.5516826923076923 0.03365384615384615 0.13942307692307693
0 0.6875 0.5576923076923077 0.057692307692307696 0.19471153846153846
0 0.7319711538461539 0.5348557692307693 0.03125 0.13701923076923078