0 0.19110576923076922 0.4483173076923077 0.17307692307692307 0.5793269230769231
0 0.2247596153846154 0.5372596153846154 0.20673076923076922 0.65625
0 0.31009615384615385 0.4651442307692308 0.1346153846153846 0.5120192307692307
0 0.4387019230769231 0.6610576923076923 0.27403846153846156 0.36538461538461536
0 0.37259615384615385 0.4567307692307692 0.12740384615384615 0.36538461538461536
0 0.5276442307692307 0.3762019230769231 0.22115384615384615 0.25
0 0.45913461538461536 0.36538461538461536 0.057692307692307696 0.11778846153846154
0 0.6598557692307693 0.5997596153846154 0.23076923076923078 0.5
0 0.7247596153846154 0.6286057692307693 0.10096153846153846 0.4423076923076923
0 0.9447115384615384 0.4795673076923077 0.10817307692307693 0.16346153846153846
0 0.9507211538461539 0.6682692307692307 0.09615384615384616 0.39663461538461536