0 0.6225961538461539 0.8966346153846154 0.17307692307692307 0.12259615384615384
0 0.2512019230769231 0.6081730769230769 0.34375 0.21875
0 0.20552884615384615 0.9014423076923077 0.15865384615384615 0.10817307692307693
0 0.3269230769230769 0.9158653846153846 0.05048076923076923 0.08413461538461539
0 0.4026442307692308 0.9194711538461539 0.10336538461538461 0.07932692307692307
0 0.47596153846153844 0.9194711538461539 0.04567307692307692 0.08413461538461539
0 0.5889423076923077 0.41466346153846156 0.15384615384615385 0.10576923076923077
0 0.6189903846153846 0.796875 0.19951923076923078 0.06971153846153846
0 0.8269230769230769 0.4098557692307692 0.19471153846153846 0.11057692307692307
0 0.8329326923076923 0.7788461538461539 0.1875 0.09615384615384616
0 0.8293269230769231 0.6514423076923077 0.10576923076923077 0.10576923076923077