0 0.3629807692307692 0.3425480769230769 0.0985576923076923 0.25721153846153844
0 0.03125 0.9459134615384616 0.0625 0.0985576923076923
0 0.04447115384615385 0.8377403846153846 0.0889423076923077 0.20192307692307693
0 0.1141826923076923 0.8149038461538461 0.0889423076923077 0.125
0 0.12379807692307693 0.9290865384615384 0.09615384615384616 0.125
0 0.13221153846153846 0.39903846153846156 0.08173076923076923 0.35096153846153844
0 0.25 0.8990384615384616 0.10336538461538461 0.19951923076923078
0 0.2439903846153846 0.8112980769230769 0.07932692307692307 0.15144230769230768
0 0.33413461538461536 0.8209134615384616 0.0985576923076923 0.15625
0 0.3641826923076923 0.9326923076923077 0.1201923076923077 0.12740384615384615
0 0.46274038461538464 0.78125 0.07211538461538461 0.2548076923076923
0 0.5492788461538461 0.3786057692307692 0.14423076923076922 0.3245192307692308
0 0.5685096153846154 0.8449519230769231 0.08173076923076923 0.19471153846153846
0 0.578125 0.7403846153846154 0.07451923076923077 0.16826923076923078
0 0.65625 0.8173076923076923 0.09615384615384616 0.19230769230769232
0 0.7007211538461539 0.30649038461538464 0.08413461538461539 0.24278846153846154
0 0.7644230769230769 0.7980769230769231 0.0985576923076923 0.15144230769230768
0 0.7944711538461539 0.7247596153846154 0.0625 0.16346153846153846
0 0.8293269230769231 0.8798076923076923 0.09615384615384616 0.14423076923076922
0 0.8629807692307693 0.328125 0.0889423076923077 0.2644230769230769
0 0.8725961538461539 0.7247596153846154 0.09134615384615384 0.16346153846153846
0 0.9362980769230769 0.8774038461538461 0.09134615384615384 0.15625
0 0.9483173076923077 0.3762019230769231 0.0985576923076923 0.2620192307692308