0 0.5096153846153846 0.7079326923076923 0.9783653846153846 0.5288461538461539
0 0.07572115384615384 0.8713942307692307 0.10336538461538461 0.18509615384615385
0 0.2848557692307692 0.8858173076923077 0.13942307692307693 0.14423076923076922
0 0.3581730769230769 0.7632211538461539 0.08413461538461539 0.15625
0 0.4230769230769231 0.8810096153846154 0.14182692307692307 0.15865384615384615
0 0.47475961538461536 0.7572115384615384 0.08653846153846154 0.11057692307692307
0 0.5829326923076923 0.890625 0.14423076923076922 0.16105769230769232
0 0.5949519230769231 0.7451923076923077 0.09134615384615384 0.12259615384615384
0 0.7307692307692307 0.7584134615384616 0.10576923076923077 0.10576923076923077
0 0.8076923076923077 0.765625 0.07451923076923077 0.16346153846153846
0 0.8834134615384616 0.9194711538461539 0.15865384615384615 0.10336538461538461
0 0.9050480769230769 0.8365384615384616 0.11538461538461539 0.15625
0 0.9399038461538461 0.6826923076923077 0.11538461538461539 0.19230769230769232