0 0.18509615384615385 0.6490384615384616 0.09134615384615384 0.28365384615384615
0 0.07451923076923077 0.5877403846153846 0.14903846153846154 0.09375
0 0.0889423076923077 0.6334134615384616 0.07692307692307693 0.25
0 0.3918269230769231 0.6081730769230769 0.13221153846153846 0.1778846153846154
0 0.49278846153846156 0.5925480769230769 0.038461538461538464 0.14423076923076922
0 0.5336538461538461 0.5997596153846154 0.038461538461538464 0.14182692307692307
0 0.5600961538461539 0.6057692307692307 0.03365384615384615 0.13942307692307693
0 0.5925480769230769 0.6021634615384616 0.03125 0.1466346153846154
0 0.6947115384615384 0.5817307692307693 0.014423076923076924 0.07211538461538461
0 0.8978365384615384 0.5865384615384616 0.03125 0.08653846153846154
0 0.9435096153846154 0.5697115384615384 0.036057692307692304 0.05048076923076923