0 0.07451923076923077 0.6802884615384616 0.10336538461538461 0.2692307692307692
0 0.056490384615384616 0.8461538461538461 0.040865384615384616 0.30288461538461536
0 0.15504807692307693 0.7271634615384616 0.026442307692307692 0.21153846153846154
0 0.1622596153846154 0.7644230769230769 0.021634615384615384 0.22115384615384615
0 0.17067307692307693 0.6105769230769231 0.02403846153846154 0.08653846153846154
0 0.2620192307692308 0.5180288461538461 0.18269230769230768 0.15625
0 0.1875 0.7704326923076923 0.028846153846153848 0.25
0 0.20673076923076922 0.8088942307692307 0.021634615384615384 0.15625
0 0.24278846153846154 0.7319711538461539 0.028846153846153848 0.22115384615384615
0 0.27163461538461536 0.7800480769230769 0.03125 0.24519230769230768
0 0.2980769230769231 0.6694711538461539 0.02403846153846154 0.20432692307692307
0 0.31009615384615385 0.8798076923076923 0.026442307692307692 0.23798076923076922
0 0.3173076923076923 0.6694711538461539 0.019230769230769232 0.1875
0 0.3485576923076923 0.71875 0.03125 0.15625
0 0.35096153846153844 0.8677884615384616 0.02403846153846154 0.2620192307692308
0 0.3798076923076923 0.6790865384615384 0.026442307692307692 0.16826923076923078
0 0.41346153846153844 0.6790865384615384 0.021634615384615384 0.1201923076923077
0 0.4651442307692308 0.7836538461538461 0.019230769230769232 0.08173076923076923
0 0.4675480769230769 0.6778846153846154 0.019230769230769232 0.13221153846153846
0 0.4987980769230769 0.7824519230769231 0.03365384615384615 0.07932692307692307
0 0.4951923076923077 0.96875 0.021634615384615384 0.057692307692307696
0 0.5024038461538461 0.6129807692307693 0.014423076923076924 0.13221153846153846
0 0.5132211538461539 0.6045673076923077 0.016826923076923076 0.12980769230769232
0 0.5264423076923077 0.7427884615384616 0.028846153846153848 0.13221153846153846
0 0.5324519230769231 0.6213942307692307 0.02403846153846154 0.13221153846153846
0 0.5793269230769231 0.6899038461538461 0.07211538461538461 0.23557692307692307
0 0.6141826923076923 0.8810096153846154 0.038461538461538464 0.23317307692307693
0 0.6430288461538461 0.9447115384615384 0.03125 0.10576923076923077
0 0.6778846153846154 0.9387019230769231 0.04326923076923077 0.11778846153846154
0 0.6814903846153846 0.7548076923076923 0.028846153846153848 0.1875
0 0.6947115384615384 0.5649038461538461 0.01201923076923077 0.07932692307692307
0 0.7115384615384616 0.6778846153846154 0.016826923076923076 0.14903846153846154
0 0.7379807692307693 0.6790865384615384 0.019230769230769232 0.17548076923076922
0 0.8317307692307693 0.6009615384615384 0.01201923076923077 0.08173076923076923
0 0.8725961538461539 0.6322115384615384 0.01201923076923077 0.0673076923076923
0 0.8918269230769231 0.6442307692307693 0.01201923076923077 0.09615384615384616
0 0.9086538461538461 0.9182692307692307 0.040865384615384616 0.15865384615384615
0 0.9026442307692307 0.6454326923076923 0.01201923076923077 0.10096153846153846
0 0.9399038461538461 0.8858173076923077 0.026442307692307692 0.22596153846153846
0 0.9615384615384616 0.9014423076923077 0.026442307692307692 0.19471153846153846
0 0.9819711538461539 0.8918269230769231 0.021634615384615384 0.21394230769230768