0 0.41225961538461536 0.6286057692307693 0.0673076923076923 0.2692307692307692
0 0.09615384615384616 0.4795673076923077 0.02403846153846154 0.125
0 0.27283653846153844 0.6346153846153846 0.07692307692307693 0.29086538461538464
0 0.2536057692307692 0.4891826923076923 0.021634615384615384 0.07451923076923077
0 0.2800480769230769 0.49399038461538464 0.016826923076923076 0.07451923076923077
0 0.30408653846153844 0.4891826923076923 0.021634615384615384 0.11057692307692307
0 0.3161057692307692 0.48677884615384615 0.028846153846153848 0.09375
0 0.3557692307692308 0.5 0.03365384615384615 0.13701923076923078
0 0.44591346153846156 0.4831730769230769 0.03365384615384615 0.13221153846153846
0 0.4651442307692308 0.484375 0.02403846153846154 0.11538461538461539
0 0.484375 0.5012019230769231 0.021634615384615384 0.12259615384615384
0 0.5612980769230769 0.49399038461538464 0.03365384615384615 0.13701923076923078
0 0.5973557692307693 0.5072115384615384 0.019230769230769232 0.14903846153846154
0 0.6298076923076923 0.5108173076923077 0.038461538461538464 0.15865384615384615
0 0.6814903846153846 0.5132211538461539 0.026442307692307692 0.15144230769230768
0 0.7211538461538461 0.5240384615384616 0.036057692307692304 0.15865384615384615
0 0.7487980769230769 0.5192307692307693 0.026442307692307692 0.17307692307692307
0 0.7800480769230769 0.5132211538461539 0.028846153846153848 0.15144230769230768
0 0.8161057692307693 0.53125 0.026442307692307692 0.15144230769230768
0 0.8629807692307693 0.5745192307692307 0.06490384615384616 0.23557692307692307
0 0.9771634615384616 0.5324519230769231 0.040865384615384616 0.18990384615384615