0 0.16346153846153846 0.6213942307692307 0.22355769230769232 0.5024038461538461
0 0.18028846153846154 0.38461538461538464 0.0889423076923077 0.2644230769230769
0 0.30408653846153844 0.5913461538461539 0.20673076923076922 0.44711538461538464
0 0.2608173076923077 0.3954326923076923 0.10817307692307693 0.3581730769230769
0 0.3737980769230769 0.5516826923076923 0.13942307692307693 0.3870192307692308
0 0.3557692307692308 0.31850961538461536 0.06009615384615385 0.11298076923076923
0 0.41225961538461536 0.3485576923076923 0.0625 0.18269230769230768
0 0.453125 0.5324519230769231 0.10576923076923077 0.3581730769230769
0 0.4795673076923077 0.3786057692307692 0.036057692307692304 0.09375
0 0.5600961538461539 0.5192307692307693 0.16105769230769232 0.3581730769230769
0 0.53125 0.30528846153846156 0.052884615384615384 0.06971153846153846
0 0.5973557692307693 0.3088942307692308 0.055288461538461536 0.0889423076923077
0 0.7007211538461539 0.5024038461538461 0.15144230769230768 0.32211538461538464
0 0.8064903846153846 0.49158653846153844 0.14182692307692307 0.3076923076923077
0 0.8004807692307693 0.4230769230769231 0.08173076923076923 0.33653846153846156
0 0.9579326923076923 0.47596153846153844 0.07932692307692307 0.2980769230769231