0 0.014423076923076924 0.36177884615384615 0.028846153846153848 0.27163461538461536
0 0.02403846153846154 0.3329326923076923 0.04807692307692308 0.31490384615384615
0 0.11538461538461539 0.3605769230769231 0.06490384615384616 0.2692307692307692
0 0.1310096153846154 0.32572115384615385 0.07932692307692307 0.3293269230769231
0 0.20673076923076922 0.35216346153846156 0.08653846153846154 0.29086538461538464
0 0.2439903846153846 0.3557692307692308 0.09134615384615384 0.29086538461538464
0 0.27283653846153844 0.3605769230769231 0.040865384615384616 0.2692307692307692
0 0.4182692307692308 0.4807692307692308 0.3076923076923077 0.8485576923076923
0 0.40024038461538464 0.3545673076923077 0.05048076923076923 0.12740384615384615
0 0.6634615384615384 0.5817307692307693 0.5504807692307693 0.7403846153846154
0 0.4362980769230769 0.328125 0.057692307692307696 0.2692307692307692
0 0.5084134615384616 0.32572115384615385 0.0673076923076923 0.29086538461538464
0 0.5168269230769231 0.24639423076923078 0.06490384615384616 0.08413461538461539
0 0.5697115384615384 0.34375 0.10576923076923077 0.31971153846153844
0 0.6057692307692307 0.3449519230769231 0.07451923076923077 0.31490384615384615
0 0.6730769230769231 0.3473557692307692 0.10096153846153846 0.2956730769230769
0 0.7043269230769231 0.38822115384615385 0.12259615384615384 0.46634615384615385
0 0.8040865384615384 0.3401442307692308 0.07451923076923077 0.2932692307692308
0 0.8365384615384616 0.34375 0.06971153846153846 0.31971153846153844
0 0.9134615384615384 0.33533653846153844 0.08413461538461539 0.3173076923076923
0 0.9807692307692307 0.3401442307692308 0.036057692307692304 0.3293269230769231