0 0.028846153846153848 0.5216346153846154 0.057692307692307696 0.2403846153846154
0 0.06850961538461539 0.5805288461538461 0.0985576923076923 0.25721153846153844
0 0.08653846153846154 0.5360576923076923 0.0625 0.22596153846153846
0 0.09615384615384616 0.45913461538461536 0.05048076923076923 0.17548076923076922
0 0.15384615384615385 0.5336538461538461 0.07211538461538461 0.2764423076923077
0 0.13581730769230768 0.46634615384615385 0.02403846153846154 0.12740384615384615
0 0.23076923076923078 0.6358173076923077 0.21634615384615385 0.5288461538461539
0 0.3004807692307692 0.625 0.15865384615384615 0.53125
0 0.3954326923076923 0.546875 0.057692307692307696 0.40384615384615385
0 0.5492788461538461 0.6298076923076923 0.06971153846153846 0.4326923076923077
0 0.5973557692307693 0.5588942307692307 0.08173076923076923 0.5360576923076923
0 0.71875 0.5600961538461539 0.07932692307692307 0.5456730769230769
0 0.7764423076923077 0.6310096153846154 0.18028846153846154 0.7355769230769231
0 0.8221153846153846 0.5793269230769231 0.06971153846153846 0.46875
0 0.8737980769230769 0.5600961538461539 0.07451923076923077 0.5288461538461539
0 0.9735576923076923 0.5060096153846154 0.04807692307692308 0.5552884615384616