0 0.23197115384615385 0.7980769230769231 0.39663461538461536 0.39903846153846156
0 0.47115384615384615 0.8197115384615384 0.036057692307692304 0.11538461538461539
0 0.48197115384615385 0.6610576923076923 0.016826923076923076 0.04807692307692308
0 0.49399038461538464 0.8028846153846154 0.028846153846153848 0.125
0 0.5024038461538461 0.7475961538461539 0.019230769230769232 0.0889423076923077
0 0.5060096153846154 0.6550480769230769 0.016826923076923076 0.04807692307692308
0 0.5180288461538461 0.7512019230769231 0.007211538461538462 0.09134615384615384
0 0.5372596153846154 0.8185096153846154 0.026442307692307692 0.12259615384615384
0 0.5348557692307693 0.7139423076923077 0.01201923076923077 0.06971153846153846
0 0.5733173076923077 0.8016826923076923 0.021634615384615384 0.10336538461538461
0 0.5865384615384616 0.7127403846153846 0.021634615384615384 0.0673076923076923
0 0.6033653846153846 0.7872596153846154 0.03125 0.10817307692307693
0 0.6478365384615384 0.7223557692307693 0.021634615384615384 0.08173076923076923
0 0.6694711538461539 0.7103365384615384 0.014423076923076924 0.08413461538461539
0 0.6802884615384616 0.7199519230769231 0.016826923076923076 0.07451923076923077
0 0.75 0.8545673076923077 0.03125 0.1466346153846154
0 0.828125 0.7295673076923077 0.03365384615384615 0.06009615384615385
0 0.8341346153846154 0.8701923076923077 0.04326923076923077 0.17548076923076922
0 0.9002403846153846 0.7463942307692307 0.02403846153846154 0.06009615384615385
0 0.9831730769230769 0.7704326923076923 0.03125 0.06009615384615385
0 0.9939903846153846 0.8894230769230769 0.007211538461538462 0.0625