0 0.15745192307692307 0.5697115384615384 0.1875 0.8557692307692307
0 0.5048076923076923 0.6850961538461539 0.2283653846153846 0.46634615384615385
0 0.46634615384615385 0.4639423076923077 0.12740384615384615 0.18028846153846154
0 0.4795673076923077 0.6694711538461539 0.1201923076923077 0.5024038461538461
0 0.4423076923076923 0.41225961538461536 0.040865384615384616 0.08653846153846154
0 0.6310096153846154 0.4699519230769231 0.07211538461538461 0.15865384615384615
0 0.6538461538461539 0.3894230769230769 0.040865384615384616 0.07692307692307693
0 0.6754807692307693 0.4050480769230769 0.03365384615384615 0.09615384615384616
0 0.7463942307692307 0.6274038461538461 0.09134615384615384 0.5264423076923077
0 0.7800480769230769 0.33653846153846156 0.08653846153846154 0.25961538461538464
0 0.8485576923076923 0.47475961538461536 0.10336538461538461 0.2403846153846154
0 0.9230769230769231 0.5348557692307693 0.15144230769230768 0.3293269230769231