0 0.33052884615384615 0.6358173076923077 0.057692307692307696 0.20673076923076922
0 0.040865384615384616 0.6346153846153846 0.052884615384615384 0.14182692307692307
0 0.07572115384615384 0.6322115384615384 0.026442307692307692 0.09375
0 0.22716346153846154 0.6334134615384616 0.055288461538461536 0.1875
0 0.2764423076923077 0.6286057692307693 0.04807692307692308 0.09134615384615384
0 0.3701923076923077 0.5576923076923077 0.019230769230769232 0.04326923076923077
0 0.4074519230769231 0.5709134615384616 0.02403846153846154 0.0889423076923077
0 0.4651442307692308 0.5300480769230769 0.026442307692307692 0.04326923076923077
0 0.4951923076923077 0.5709134615384616 0.01201923076923077 0.07451923076923077
0 0.5612980769230769 0.5865384615384616 0.02403846153846154 0.12259615384615384
0 0.5889423076923077 0.5757211538461539 0.028846153846153848 0.10096153846153846
0 0.5829326923076923 0.5456730769230769 0.01201923076923077 0.038461538461538464
0 0.6117788461538461 0.5408653846153846 0.016826923076923076 0.038461538461538464
0 0.6346153846153846 0.5540865384615384 0.016826923076923076 0.06490384615384616
0 0.6646634615384616 0.5360576923076923 0.01201923076923077 0.02403846153846154
0 0.6790865384615384 0.5973557692307693 0.036057692307692304 0.08653846153846154
0 0.7932692307692307 0.6177884615384616 0.036057692307692304 0.13701923076923078
0 0.8377403846153846 0.5757211538461539 0.03365384615384615 0.0673076923076923