0 0.01201923076923077 0.42427884615384615 0.02403846153846154 0.125
0 0.05889423076923077 0.46274038461538464 0.04326923076923077 0.2956730769230769
0 0.09975961538461539 0.40384615384615385 0.02403846153846154 0.06971153846153846
0 0.14543269230769232 0.46875 0.08173076923076923 0.30528846153846156
0 0.18389423076923078 0.38822115384615385 0.04326923076923077 0.09134615384615384
0 0.21754807692307693 0.4362980769230769 0.03365384615384615 0.17548076923076922
0 0.2548076923076923 0.4182692307692308 0.021634615384615384 0.1201923076923077
0 0.39663461538461536 0.5012019230769231 0.2764423076923077 0.4639423076923077
0 0.27283653846153844 0.40024038461538464 0.01201923076923077 0.0673076923076923
0 0.2860576923076923 0.39783653846153844 0.014423076923076924 0.07211538461538461
0 0.45913461538461536 0.43149038461538464 0.04326923076923077 0.20192307692307693
0 0.4879807692307692 0.34134615384615385 0.014423076923076924 0.03365384615384615
0 0.8990384615384616 0.40865384615384615 0.1971153846153846 0.1346153846153846
0 0.9567307692307693 0.41346153846153844 0.038461538461538464 0.14182692307692307