0 0.7692307692307693 0.5120192307692307 0.19471153846153846 0.5432692307692307
0 0.03245192307692308 0.5396634615384616 0.06490384615384616 0.4639423076923077
0 0.2091346153846154 0.5084134615384616 0.2764423076923077 0.5528846153846154
0 0.22716346153846154 0.19110576923076922 0.055288461538461536 0.07932692307692307
0 0.3545673076923077 0.7608173076923077 0.036057692307692304 0.06971153846153846
0 0.38461538461538464 0.5985576923076923 0.08173076923076923 0.125
0 0.37740384615384615 0.38221153846153844 0.057692307692307696 0.21153846153846154
0 0.38341346153846156 0.7608173076923077 0.04567307692307692 0.06971153846153846
0 0.40865384615384615 0.45072115384615385 0.06971153846153846 0.08413461538461539
0 0.4074519230769231 0.36538461538461536 0.04326923076923077 0.11778846153846154
0 0.41346153846153844 0.7608173076923077 0.040865384615384616 0.06971153846153846
0 0.42427884615384615 0.41225961538461536 0.04326923076923077 0.14423076923076922
0 0.5132211538461539 0.609375 0.10336538461538461 0.13701923076923078
0 0.5024038461538461 0.25721153846153844 0.07211538461538461 0.12740384615384615
0 0.5168269230769231 0.265625 0.10096153846153846 0.11778846153846154
0 0.4891826923076923 0.4230769230769231 0.036057692307692304 0.11298076923076923
0 0.5204326923076923 0.4411057692307692 0.08653846153846154 0.09134615384615384
0 0.5192307692307693 0.7596153846153846 0.06009615384615385 0.08413461538461539
0 0.5408653846153846 0.13341346153846154 0.0985576923076923 0.11298076923076923
0 0.5444711538461539 0.5769230769230769 0.05048076923076923 0.07211538461538461
0 0.6225961538461539 0.3605769230769231 0.06971153846153846 0.10336538461538461