0 0.036057692307692304 0.8990384615384616 0.07211538461538461 0.19951923076923078
0 0.026442307692307692 0.15745192307692307 0.04567307692307692 0.14423076923076922
0 0.016826923076923076 0.057692307692307696 0.02403846153846154 0.040865384615384616
0 0.042067307692307696 0.04326923076923077 0.028846153846153848 0.08173076923076923
0 0.0673076923076923 0.17067307692307693 0.05048076923076923 0.1346153846153846
0 0.052884615384615384 0.039663461538461536 0.019230769230769232 0.07932692307692307
0 0.0829326923076923 0.04447115384615385 0.028846153846153848 0.08653846153846154
0 0.11538461538461539 0.8990384615384616 0.09375 0.19951923076923078
0 0.15745192307692307 0.3581730769230769 0.0673076923076923 0.19471153846153846
0 0.16346153846153846 0.1658653846153846 0.036057692307692304 0.1466346153846154
0 0.2091346153846154 0.4326923076923077 0.07932692307692307 0.21634615384615385
0 0.19110576923076922 0.0673076923076923 0.019230769230769232 0.10336538461538461
0 0.21875 0.33774038461538464 0.055288461538461536 0.16346153846153846
0 0.23918269230769232 0.1778846153846154 0.038461538461538464 0.11538461538461539
0 0.2764423076923077 0.46274038461538464 0.10576923076923077 0.25240384615384615
0 0.32572115384615385 0.16466346153846154 0.040865384615384616 0.13942307692307693
0 0.33413461538461536 0.039663461538461536 0.03365384615384615 0.0625
0 0.3641826923076923 0.18509615384615385 0.03365384615384615 0.09615384615384616
0 0.36778846153846156 0.04807692307692308 0.036057692307692304 0.07451923076923077
0 0.3894230769230769 0.08653846153846154 0.02403846153846154 0.11778846153846154
0 0.4182692307692308 0.19831730769230768 0.04567307692307692 0.10576923076923077
0 0.4699519230769231 0.06009615384615385 0.06009615384615385 0.1201923076923077
0 0.48197115384615385 0.171875 0.0625 0.1346153846153846
0 0.5048076923076923 0.6935096153846154 0.10096153846153846 0.31490384615384615
0 0.5528846153846154 0.5108173076923077 0.07451923076923077 0.1778846153846154
0 0.5336538461538461 0.06610576923076923 0.03125 0.1201923076923077
0 0.5492788461538461 0.055288461538461536 0.026442307692307692 0.11057692307692307
0 0.5697115384615384 0.17307692307692307 0.038461538461538464 0.12980769230769232
0 0.5913461538461539 0.028846153846153848 0.028846153846153848 0.057692307692307696
0 0.5961538461538461 0.4387019230769231 0.038461538461538464 0.05048076923076923
0 0.6105769230769231 0.5408653846153846 0.040865384615384616 0.22596153846153846
0 0.6153846153846154 0.030048076923076924 0.02403846153846154 0.06009615384615385
0 0.640625 0.5576923076923077 0.026442307692307692 0.1466346153846154
0 0.6646634615384616 0.37740384615384615 0.06490384615384616 0.125
0 0.6742788461538461 0.6237980769230769 0.07692307692307693 0.24759615384615385
0 0.6526442307692307 0.0889423076923077 0.026442307692307692 0.0985576923076923
0 0.703125 0.5384615384615384 0.08413461538461539 0.2644230769230769
0 0.7355769230769231 0.039663461538461536 0.13942307692307693 0.07932692307692307
0 0.7223557692307693 0.21634615384615385 0.038461538461538464 0.12740384615384615
0 0.7247596153846154 0.12139423076923077 0.03125 0.0889423076923077
0 0.7560096153846154 0.16346153846153846 0.040865384615384616 0.11538461538461539
0 0.7992788461538461 0.0733173076923077 0.021634615384615384 0.0985576923076923
0 0.8990384615384616 0.7752403846153846 0.1971153846153846 0.21394230769230768
0 0.8233173076923077 0.078125 0.03365384615384615 0.10336538461538461
0 0.8557692307692307 0.14302884615384615 0.040865384615384616 0.12740384615384615
0 0.8834134615384616 0.8822115384615384 0.08173076923076923 0.21394230769230768
0 0.8882211538461539 0.3112980769230769 0.04326923076923077 0.08653846153846154
0 0.8894230769230769 0.1466346153846154 0.026442307692307692 0.15865384615384615
0 0.9074519230769231 0.44591346153846156 0.04807692307692308 0.21634615384615385
0 0.9314903846153846 0.38100961538461536 0.055288461538461536 0.1971153846153846
0 0.9278846153846154 0.15264423076923078 0.04326923076923077 0.13701923076923078
0 0.9783653846153846 0.2283653846153846 0.038461538461538464 0.10096153846153846
0 0.9771634615384616 0.07572115384615384 0.021634615384615384 0.11298076923076923