0 0.7211538461538461 0.8389423076923077 0.06971153846153846 0.2283653846153846
0 0.06129807692307692 0.6189903846153846 0.03365384615384615 0.12259615384615384
0 0.11057692307692307 0.6286057692307693 0.03125 0.11057692307692307
0 0.17427884615384615 0.6262019230769231 0.021634615384615384 0.11298076923076923
0 0.23317307692307693 0.7668269230769231 0.08173076923076923 0.19471153846153846
0 0.23317307692307693 0.5444711538461539 0.019230769230769232 0.06971153846153846
0 0.27163461538461536 0.6021634615384616 0.036057692307692304 0.10576923076923077
0 0.296875 0.6117788461538461 0.019230769230769232 0.0889423076923077
0 0.3557692307692308 0.6658653846153846 0.05048076923076923 0.14423076923076922
0 0.35096153846153844 0.5697115384615384 0.03365384615384615 0.055288461538461536
0 0.4807692307692308 0.7235576923076923 0.04807692307692308 0.17067307692307693
0 0.5096153846153846 0.7560096153846154 0.06971153846153846 0.18990384615384615
0 0.49759615384615385 0.5949519230769231 0.028846153846153848 0.07451923076923077
0 0.5408653846153846 0.6394230769230769 0.028846153846153848 0.11057692307692307
0 0.6730769230769231 0.6033653846153846 0.02403846153846154 0.08653846153846154
0 0.7475961538461539 0.7439903846153846 0.040865384615384616 0.15384615384615385
0 0.8245192307692307 0.7127403846153846 0.028846153846153848 0.15144230769230768
0 0.8449519230769231 0.5661057692307693 0.019230769230769232 0.06971153846153846
0 0.8942307692307693 0.7632211538461539 0.052884615384615384 0.1875
0 0.9567307692307693 0.6177884615384616 0.03365384615384615 0.10576923076923077
0 0.9819711538461539 0.5625 0.02403846153846154 0.07692307692307693