0 0.5168269230769231 0.6899038461538461 0.0985576923076923 0.2980769230769231
0 0.021634615384615384 0.7908653846153846 0.03365384615384615 0.06971153846153846
0 0.17427884615384615 0.7836538461538461 0.014423076923076924 0.08653846153846154
0 0.22596153846153846 0.6911057692307693 0.03365384615384615 0.2644230769230769
0 0.30649038461538464 0.6935096153846154 0.12259615384615384 0.3004807692307692
0 0.421875 0.3762019230769231 0.09615384615384616 0.0673076923076923
0 0.5024038461538461 0.1778846153846154 0.1658653846153846 0.02403846153846154
0 0.47716346153846156 0.38221153846153844 0.02403846153846154 0.052884615384615384
0 0.5649038461538461 0.3762019230769231 0.11778846153846154 0.06009615384615385
0 0.6706730769230769 0.6971153846153846 0.11778846153846154 0.30528846153846156
0 0.7728365384615384 0.6971153846153846 0.040865384615384616 0.2620192307692308
0 0.8533653846153846 0.8064903846153846 0.019230769230769232 0.07932692307692307
0 0.9411057692307693 0.8149038461538461 0.038461538461538464 0.125
0 0.9879807692307693 0.8185096153846154 0.021634615384615384 0.11538461538461539