0 0.5372596153846154 0.5528846153846154 0.08173076923076923 0.34375
0 0.038461538461538464 0.9771634615384616 0.07692307692307693 0.040865384615384616
0 0.20793269230769232 0.6237980769230769 0.41586538461538464 0.5168269230769231
0 0.4375 0.5612980769230769 0.13701923076923078 0.3269230769230769
0 0.38461538461538464 0.43509615384615385 0.007211538461538462 0.019230769230769232
0 0.3918269230769231 0.4266826923076923 0.014423076923076924 0.03365384615384615
0 0.4050480769230769 0.4266826923076923 0.009615384615384616 0.019230769230769232
0 0.46033653846153844 0.42908653846153844 0.014423076923076924 0.026442307692307692
0 0.6189903846153846 0.6165865384615384 0.026442307692307692 0.11057692307692307
0 0.6814903846153846 0.5504807692307693 0.1466346153846154 0.31971153846153844
0 0.8665865384615384 0.5456730769230769 0.2644230769230769 0.3076923076923077