0 0.052884615384615384 0.9254807692307693 0.10576923076923077 0.14423076923076922
0 0.010817307692307692 0.5925480769230769 0.021634615384615384 0.10096153846153846
0 0.03245192307692308 0.7956730769230769 0.06009615384615385 0.22596153846153846
0 0.039663461538461536 0.6213942307692307 0.040865384615384616 0.06971153846153846
0 0.08413461538461539 0.5829326923076923 0.03125 0.04807692307692308
0 0.10336538461538461 0.6153846153846154 0.04326923076923077 0.08653846153846154
0 0.19951923076923078 0.9266826923076923 0.09375 0.14423076923076922
0 0.35096153846153844 0.7788461538461539 0.39903846153846156 0.21394230769230768
0 0.23076923076923078 0.625 0.04567307692307692 0.16826923076923078
0 0.3016826923076923 0.6129807692307693 0.04807692307692308 0.13701923076923078
0 0.36177884615384615 0.6286057692307693 0.07692307692307693 0.16346153846153846
0 0.44711538461538464 0.609375 0.055288461538461536 0.15625
0 0.5132211538461539 0.6189903846153846 0.057692307692307696 0.19471153846153846
0 0.5913461538461539 0.6322115384615384 0.04807692307692308 0.19951923076923078
0 0.6370192307692307 0.7403846153846154 0.0625 0.31971153846153844
0 0.6923076923076923 0.38221153846153844 0.06490384615384616 0.11538461538461539
0 0.7379807692307693 0.38221153846153844 0.04567307692307692 0.10817307692307693
0 0.7728365384615384 0.7283653846153846 0.052884615384615384 0.2860576923076923
0 0.8461538461538461 0.2692307692307692 0.17307692307692307 0.3293269230769231
0 0.8870192307692307 0.8401442307692307 0.21634615384615385 0.3173076923076923
0 0.8401442307692307 0.6574519230769231 0.08653846153846154 0.24759615384615385
0 0.9639423076923077 0.35697115384615385 0.06971153846153846 0.14903846153846154