0 0.026442307692307692 0.8137019230769231 0.052884615384615384 0.10336538461538461
0 0.06971153846153846 0.8942307692307693 0.06009615384615385 0.2091346153846154
0 0.11298076923076923 0.8942307692307693 0.0625 0.20673076923076922
0 0.1875 0.9002403846153846 0.04807692307692308 0.1971153846153846
0 0.20793269230769232 0.8870192307692307 0.06009615384615385 0.22115384615384615
0 0.28725961538461536 0.8798076923076923 0.06009615384615385 0.23557692307692307
0 0.30288461538461536 0.890625 0.04807692307692308 0.21634615384615385
0 0.33653846153846156 0.8942307692307693 0.04807692307692308 0.20673076923076922
0 0.38341346153846156 0.8942307692307693 0.040865384615384616 0.20673076923076922
0 0.40865384615384615 0.8894230769230769 0.04567307692307692 0.21634615384615385
0 0.4699519230769231 0.8882211538461539 0.0673076923076923 0.22115384615384615
0 0.4963942307692308 0.890625 0.05048076923076923 0.21394230769230768
0 0.5396634615384616 0.8882211538461539 0.04326923076923077 0.22115384615384615
0 0.5793269230769231 0.8942307692307693 0.04807692307692308 0.20673076923076922
0 0.6237980769230769 0.8990384615384616 0.03125 0.19951923076923078
0 0.6550480769230769 0.8930288461538461 0.04326923076923077 0.1971153846153846
0 0.7007211538461539 0.8894230769230769 0.04567307692307692 0.19951923076923078
0 0.7524038461538461 0.8894230769230769 0.06009615384615385 0.1971153846153846
0 0.84375 0.8858173076923077 0.0889423076923077 0.22596153846153846
0 0.9146634615384616 0.8822115384615384 0.09375 0.23317307692307693
0 0.9579326923076923 0.8822115384615384 0.08173076923076923 0.23317307692307693