0 0.040865384615384616 0.33533653846153844 0.08173076923076923 0.15625
0 0.1141826923076923 0.7788461538461539 0.2283653846153846 0.2548076923076923
0 0.14423076923076922 0.3233173076923077 0.18028846153846154 0.14423076923076922
0 0.19951923076923078 0.5576923076923077 0.14903846153846154 0.07451923076923077
0 0.2776442307692308 0.7824519230769231 0.25240384615384615 0.24519230769230768
0 0.203125 0.45552884615384615 0.01201923076923077 0.028846153846153848
0 0.2127403846153846 0.4579326923076923 0.009615384615384616 0.02403846153846154
0 0.21995192307692307 0.45552884615384615 0.009615384615384616 0.02403846153846154
0 0.22596153846153846 0.47836538461538464 0.014423076923076924 0.021634615384615384
0 0.31971153846153844 0.32211538461538464 0.18269230769230768 0.1658653846153846
0 0.24158653846153846 0.4567307692307692 0.01201923076923077 0.028846153846153848
0 0.25961538461538464 0.4543269230769231 0.014423076923076924 0.04567307692307692
0 0.3449519230769231 0.5588942307692307 0.11057692307692307 0.06971153846153846
0 0.4807692307692308 0.7764423076923077 0.21875 0.2403846153846154
0 0.4110576923076923 0.4699519230769231 0.01201923076923077 0.028846153846153848
0 0.4230769230769231 0.46634615384615385 0.009615384615384616 0.026442307692307692
0 0.5024038461538461 0.3233173076923077 0.16346153846153846 0.14182692307692307
0 0.4326923076923077 0.4639423076923077 0.01201923076923077 0.026442307692307692
0 0.5012019230769231 0.5564903846153846 0.11778846153846154 0.07932692307692307
0 0.6346153846153846 0.5564903846153846 0.12740384615384615 0.08173076923076923
0 0.6826923076923077 0.3173076923076923 0.15865384615384615 0.15384615384615385
0 0.7007211538461539 0.7896634615384616 0.1971153846153846 0.24278846153846154
0 0.6826923076923077 0.4567307692307692 0.07692307692307693 0.040865384615384616
0 0.7800480769230769 0.5528846153846154 0.15144230769230768 0.07451923076923077
0 0.8762019230769231 0.3137019230769231 0.19471153846153846 0.15144230769230768
0 0.8990384615384616 0.7824519230769231 0.1971153846153846 0.24759615384615385
0 0.8810096153846154 0.4567307692307692 0.0673076923076923 0.06009615384615385
0 0.9615384615384616 0.5600961538461539 0.07211538461538461 0.0673076923076923
0 0.9783653846153846 0.3125 0.038461538461538464 0.15384615384615385