0 0.17067307692307693 0.4807692307692308 0.0625 0.22115384615384615
0 0.020432692307692308 0.5036057692307693 0.040865384615384616 0.15625
0 0.06009615384615385 0.5048076923076923 0.05048076923076923 0.14903846153846154
0 0.12259615384615384 0.4723557692307692 0.06009615384615385 0.2764423076923077
0 0.23076923076923078 0.49038461538461536 0.036057692307692304 0.125
0 0.27163461538461536 0.4963942307692308 0.040865384615384616 0.14423076923076922
0 0.28125 0.4831730769230769 0.021634615384615384 0.12740384615384615
0 0.31009615384615385 0.49038461538461536 0.04567307692307692 0.1346153846153846
0 0.35697115384615385 0.4879807692307692 0.04567307692307692 0.15625
0 0.38100961538461536 0.47475961538461536 0.03365384615384615 0.11778846153846154
0 0.4098557692307692 0.47716346153846156 0.04807692307692308 0.16826923076923078
0 0.4543269230769231 0.4735576923076923 0.052884615384615384 0.1778846153846154
0 0.4891826923076923 0.47716346153846156 0.02403846153846154 0.09615384615384616
0 0.5132211538461539 0.4723557692307692 0.036057692307692304 0.14903846153846154
0 0.5396634615384616 0.4699519230769231 0.038461538461538464 0.13221153846153846
0 0.5576923076923077 0.4651442307692308 0.036057692307692304 0.125
0 0.6045673076923077 0.42908653846153844 0.026442307692307692 0.07211538461538461
0 0.6286057692307693 0.46153846153846156 0.04326923076923077 0.16346153846153846
0 0.671875 0.46875 0.08173076923076923 0.25721153846153844
0 0.7235576923076923 0.4699519230769231 0.05048076923076923 0.16105769230769232
0 0.8040865384615384 0.4891826923076923 0.10096153846153846 0.5
0 0.8786057692307693 0.46153846153846156 0.028846153846153848 0.08653846153846154
0 0.9278846153846154 0.46153846153846156 0.05048076923076923 0.16346153846153846
0 0.96875 0.4675480769230769 0.052884615384615384 0.1658653846153846