0 0.008413461538461538 0.5588942307692307 0.016826923076923076 0.2091346153846154
0 0.06129807692307692 0.5420673076923077 0.036057692307692304 0.2283653846153846
0 0.09014423076923077 0.5252403846153846 0.057692307692307696 0.28365384615384615
0 0.12379807692307693 0.5348557692307693 0.021634615384615384 0.23798076923076922
0 0.14182692307692307 0.5300480769230769 0.036057692307692304 0.2668269230769231
0 0.18870192307692307 0.5240384615384616 0.026442307692307692 0.2692307692307692
0 0.2247596153846154 0.5108173076923077 0.08413461538461539 0.2956730769230769
0 0.23918269230769232 0.59375 0.09134615384615384 0.19230769230769232
0 0.2848557692307692 0.5697115384615384 0.10336538461538461 0.2764423076923077
0 0.2704326923076923 0.4723557692307692 0.036057692307692304 0.11778846153846154
0 0.328125 0.4182692307692308 0.07211538461538461 0.0625
0 0.34375 0.5925480769230769 0.0625 0.1778846153846154
0 0.4110576923076923 0.5889423076923077 0.10817307692307693 0.1875
0 0.3894230769230769 0.44711538461538464 0.040865384615384616 0.12259615384615384
0 0.4182692307692308 0.4483173076923077 0.04567307692307692 0.15384615384615385
0 0.47836538461538464 0.5252403846153846 0.03365384615384615 0.22596153846153846
0 0.5576923076923077 0.5841346153846154 0.11778846153846154 0.19471153846153846
0 0.6814903846153846 0.5625 0.12740384615384615 0.23798076923076922
0 0.7091346153846154 0.5084134615384616 0.06490384615384616 0.27403846153846156
0 0.7896634615384616 0.5360576923076923 0.09134615384615384 0.23798076923076922
0 0.8377403846153846 0.5036057692307693 0.10096153846153846 0.2644230769230769
0 0.8978365384615384 0.5372596153846154 0.12259615384615384 0.2956730769230769
0 0.9038461538461539 0.5384615384615384 0.06490384615384616 0.28846153846153844