0 0.09254807692307693 0.7704326923076923 0.18509615384615385 0.4543269230769231
0 0.05889423076923077 0.3954326923076923 0.11538461538461539 0.38461538461538464
0 0.140625 0.36538461538461536 0.10817307692307693 0.3798076923076923
0 0.18990384615384615 0.36538461538461536 0.06971153846153846 0.3173076923076923
0 0.25240384615384615 0.3473557692307692 0.07692307692307693 0.3076923076923077
0 0.3161057692307692 0.35336538461538464 0.08653846153846154 0.25
0 0.3737980769230769 0.34375 0.055288461538461536 0.22115384615384615
0 0.5829326923076923 0.25721153846153844 0.014423076923076924 0.019230769230769232
0 0.6838942307692307 0.2668269230769231 0.03125 0.125
0 0.7067307692307693 0.25600961538461536 0.026442307692307692 0.11538461538461539
0 0.7692307692307693 0.23677884615384615 0.019230769230769232 0.08653846153846154
0 0.7788461538461539 0.23798076923076922 0.01201923076923077 0.08413461538461539
0 0.7860576923076923 0.23197115384615385 0.01201923076923077 0.09134615384615384