0 0.03485576923076923 0.6454326923076923 0.05048076923076923 0.07692307692307693
0 0.17548076923076922 0.6526442307692307 0.02403846153846154 0.10576923076923077
0 0.21153846153846154 0.6754807692307693 0.026442307692307692 0.08653846153846154
0 0.36778846153846156 0.5576923076923077 0.0889423076923077 0.3557692307692308
0 0.390625 0.7139423076923077 0.02403846153846154 0.04807692307692308
0 0.49038461538461536 0.6899038461538461 0.028846153846153848 0.10817307692307693
0 0.5576923076923077 0.6959134615384616 0.03365384615384615 0.052884615384615384
0 0.5829326923076923 0.6826923076923077 0.028846153846153848 0.13701923076923078
0 0.6694711538461539 0.7127403846153846 0.03365384615384615 0.12740384615384615
0 0.7247596153846154 0.7115384615384616 0.03125 0.14903846153846154
0 0.7560096153846154 0.7331730769230769 0.03125 0.09375
0 0.8137019230769231 0.7007211538461539 0.03365384615384615 0.09615384615384616
0 0.8545673076923077 0.6995192307692307 0.06009615384615385 0.21153846153846154
0 0.8725961538461539 0.7211538461538461 0.016826923076923076 0.057692307692307696
0 0.9158653846153846 0.7415865384615384 0.021634615384615384 0.036057692307692304
0 0.9350961538461539 0.6947115384615384 0.03125 0.08413461538461539
0 0.9495192307692307 0.7355769230769231 0.03365384615384615 0.04567307692307692
0 0.9855769230769231 0.7415865384615384 0.026442307692307692 0.052884615384615384