0 0.027644230769230768 0.45072115384615385 0.055288461538461536 0.30288461538461536
0 0.03245192307692308 0.43028846153846156 0.036057692307692304 0.2620192307692308
0 0.036057692307692304 0.4110576923076923 0.040865384615384616 0.2692307692307692
0 0.07091346153846154 0.4423076923076923 0.08173076923076923 0.31009615384615385
0 0.10336538461538461 0.31850961538461536 0.028846153846153848 0.052884615384615384
0 0.12139423076923077 0.4206730769230769 0.021634615384615384 0.24278846153846154
0 0.14543269230769232 0.44350961538461536 0.055288461538461536 0.25721153846153844
0 0.14903846153846154 0.4326923076923077 0.055288461538461536 0.2692307692307692
0 0.14903846153846154 0.3245192307692308 0.05048076923076923 0.07692307692307693
0 0.18629807692307693 0.484375 0.055288461538461536 0.11778846153846154
0 0.17908653846153846 0.3713942307692308 0.02403846153846154 0.16105769230769232
0 0.20432692307692307 0.4182692307692308 0.06009615384615385 0.22115384615384615
0 0.2247596153846154 0.40865384615384615 0.03125 0.21394230769230768
0 0.24519230769230768 0.3954326923076923 0.038461538461538464 0.22355769230769232
0 0.25600961538461536 0.31009615384615385 0.019230769230769232 0.02403846153846154
0 0.2824519230769231 0.41586538461538464 0.055288461538461536 0.22596153846153846
0 0.28725961538461536 0.3076923076923077 0.014423076923076924 0.021634615384615384
0 0.31850961538461536 0.3870192307692308 0.026442307692307692 0.21875
0 0.3389423076923077 0.3942307692307692 0.052884615384615384 0.2283653846153846
0 0.3293269230769231 0.3016826923076923 0.01201923076923077 0.040865384615384616
0 0.3701923076923077 0.484375 0.05048076923076923 0.08173076923076923
0 0.3737980769230769 0.30408653846153844 0.03365384615384615 0.04567307692307692
0 0.37740384615384615 0.39302884615384615 0.026442307692307692 0.20673076923076922
0 0.41947115384615385 0.39903846153846156 0.06971153846153846 0.22355769230769232
0 0.41225961538461536 0.3858173076923077 0.04567307692307692 0.23557692307692307
0 0.44471153846153844 0.38822115384615385 0.03125 0.21634615384615385
0 0.5012019230769231 0.49399038461538464 0.11778846153846154 0.29086538461538464
0 0.4543269230769231 0.29927884615384615 0.016826923076923076 0.036057692307692304
0 0.4723557692307692 0.3858173076923077 0.03365384615384615 0.13942307692307693
0 0.4855769230769231 0.34975961538461536 0.05048076923076923 0.1658653846153846
0 0.5048076923076923 0.36778846153846156 0.028846153846153848 0.19471153846153846
0 0.5288461538461539 0.38461538461538464 0.03365384615384615 0.2283653846153846
0 0.5336538461538461 0.28725961538461536 0.028846153846153848 0.05048076923076923
0 0.5588942307692307 0.38822115384615385 0.038461538461538464 0.21875
0 0.5661057692307693 0.2956730769230769 0.026442307692307692 0.05048076923076923
0 0.5913461538461539 0.38461538461538464 0.040865384615384616 0.21394230769230768
0 0.5949519230769231 0.3954326923076923 0.03125 0.18990384615384615
0 0.640625 0.3786057692307692 0.07451923076923077 0.2403846153846154
0 0.6237980769230769 0.3954326923076923 0.03365384615384615 0.21394230769230768
0 0.6658653846153846 0.3918269230769231 0.026442307692307692 0.1971153846153846
0 0.6947115384615384 0.3870192307692308 0.055288461538461536 0.2548076923076923
0 0.7139423076923077 0.375 0.04567307692307692 0.23798076923076922
0 0.7451923076923077 0.3918269230769231 0.057692307692307696 0.2403846153846154
0 0.7644230769230769 0.3894230769230769 0.04807692307692308 0.22596153846153846
0 0.7800480769230769 0.30288461538461536 0.007211538461538462 0.028846153846153848
0 0.7860576923076923 0.35096153846153844 0.019230769230769232 0.13701923076923078
0 0.8088942307692307 0.3798076923076923 0.04807692307692308 0.24759615384615385
0 0.8257211538461539 0.4050480769230769 0.06490384615384616 0.21634615384615385
0 0.8569711538461539 0.3870192307692308 0.04326923076923077 0.22355769230769232
0 0.8798076923076923 0.38100961538461536 0.03365384615384615 0.24278846153846154
0 0.90625 0.3954326923076923 0.04326923076923077 0.23076923076923078
0 0.9014423076923077 0.2776442307692308 0.01201923076923077 0.02403846153846154
0 0.9230769230769231 0.40865384615384615 0.05048076923076923 0.23076923076923078
0 0.9206730769230769 0.28725961538461536 0.009615384615384616 0.016826923076923076
0 0.9579326923076923 0.3918269230769231 0.05048076923076923 0.25961538461538464