0 0.2860576923076923 0.36177884615384615 0.021634615384615384 0.09134615384615384
0 0.2956730769230769 0.34975961538461536 0.016826923076923076 0.057692307692307696
0 0.30408653846153844 0.3389423076923077 0.01201923076923077 0.04807692307692308
0 0.3581730769230769 0.3173076923076923 0.016826923076923076 0.019230769230769232
0 0.3918269230769231 0.3317307692307692 0.019230769230769232 0.040865384615384616
0 0.41466346153846156 0.31009615384615385 0.019230769230769232 0.052884615384615384
0 0.47836538461538464 0.41947115384615385 0.07932692307692307 0.27403846153846156
0 0.6923076923076923 0.5600961538461539 0.19951923076923078 0.8774038461538461
0 0.7199519230769231 0.26802884615384615 0.026442307692307692 0.04326923076923077
0 0.8052884615384616 0.24639423076923078 0.021634615384615384 0.05048076923076923
0 0.8209134615384616 0.2403846153846154 0.014423076923076924 0.026442307692307692
0 0.8762019230769231 0.2439903846153846 0.019230769230769232 0.03125