0 0.0733173076923077 0.21875 0.016826923076923076 0.036057692307692304
0 0.0889423076923077 0.21754807692307693 0.007211538461538462 0.03365384615384615
0 0.11899038461538461 0.19831730769230768 0.03125 0.036057692307692304
0 0.12379807692307693 0.1658653846153846 0.028846153846153848 0.036057692307692304
0 0.16826923076923078 0.18269230769230768 0.021634615384615384 0.036057692307692304
0 0.1814903846153846 0.25240384615384615 0.019230769230769232 0.038461538461538464
0 0.18990384615384615 0.4579326923076923 0.03365384615384615 0.052884615384615384
0 0.2548076923076923 0.34134615384615385 0.15384615384615385 0.10817307692307693
0 0.19951923076923078 0.25961538461538464 0.019230769230769232 0.036057692307692304
0 0.22115384615384615 0.45552884615384615 0.03125 0.04807692307692308
0 0.22596153846153846 0.44471153846153844 0.03365384615384615 0.02403846153846154
0 0.21875 0.17668269230769232 0.014423076923076924 0.036057692307692304
0 0.23918269230769232 0.5168269230769231 0.03365384615384615 0.052884615384615384
0 0.22956730769230768 0.23677884615384615 0.009615384615384616 0.019230769230769232
0 0.25600961538461536 0.6298076923076923 0.04326923076923077 0.04567307692307692
0 0.2668269230769231 0.1502403846153846 0.007211538461538462 0.021634615384615384
0 0.296875 0.6153846153846154 0.038461538461538464 0.055288461538461536
0 0.28846153846153844 0.14182692307692307 0.019230769230769232 0.036057692307692304
0 0.2920673076923077 0.4483173076923077 0.02403846153846154 0.04807692307692308
0 0.31009615384615385 0.4411057692307692 0.03365384615384615 0.052884615384615384
0 0.30408653846153844 0.1502403846153846 0.014423076923076924 0.04326923076923077
0 0.3425480769230769 0.8389423076923077 0.040865384615384616 0.04326923076923077
0 0.3425480769230769 0.5300480769230769 0.03365384615384615 0.055288461538461536
0 0.34375 0.6274038461538461 0.03125 0.06490384615384616
0 0.3581730769230769 0.2512019230769231 0.026442307692307692 0.04807692307692308
0 0.36899038461538464 0.5168269230769231 0.02403846153846154 0.052884615384615384
0 0.38100961538461536 0.5324519230769231 0.038461538461538464 0.052884615384615384
0 0.3858173076923077 0.2512019230769231 0.03365384615384615 0.04807692307692308
0 0.3954326923076923 0.6790865384615384 0.03125 0.06490384615384616
0 0.6682692307692307 0.5480769230769231 0.5216346153846154 0.6418269230769231
0 0.4495192307692308 0.6947115384615384 0.028846153846153848 0.055288461538461536
0 0.5120192307692307 0.6694711538461539 0.038461538461538464 0.06490384615384616
0 0.5408653846153846 0.8185096153846154 0.04326923076923077 0.06490384615384616
0 0.5540865384615384 0.8882211538461539 0.04326923076923077 0.04326923076923077
0 0.5697115384615384 0.9723557692307693 0.052884615384615384 0.04326923076923077
0 0.6478365384615384 0.9134615384615384 0.057692307692307696 0.038461538461538464
0 0.7283653846153846 0.4651442307692308 0.05048076923076923 0.0673076923076923
0 0.7235576923076923 0.5564903846153846 0.028846153846153848 0.057692307692307696
0 0.7391826923076923 0.49759615384615385 0.040865384615384616 0.06009615384615385
0 0.7536057692307693 0.5576923076923077 0.03125 0.055288461538461536
0 0.9519230769230769 0.8930288461538461 0.06490384615384616 0.04807692307692308
0 0.9447115384615384 0.6959134615384616 0.038461538461538464 0.052884615384615384