0 0.06490384615384616 0.46274038461538464 0.12980769230769232 0.20432692307692307
0 0.13701923076923078 0.5276442307692307 0.10336538461538461 0.5144230769230769
0 0.1875 0.5625 0.13942307692307693 0.5841346153846154
0 0.2980769230769231 0.5649038461538461 0.21153846153846154 0.7115384615384616
0 0.3762019230769231 0.47716346153846156 0.03365384615384615 0.3004807692307692
0 0.4026442307692308 0.46634615384615385 0.03365384615384615 0.27884615384615385
0 0.4254807692307692 0.4699519230769231 0.04326923076923077 0.34134615384615385
0 0.46153846153846156 0.47475961538461536 0.04326923076923077 0.33653846153846156
0 0.5072115384615384 0.46634615384615385 0.04807692307692308 0.3918269230769231
0 0.5721153846153846 0.4639423076923077 0.05048076923076923 0.42788461538461536
0 0.6189903846153846 0.47475961538461536 0.06009615384615385 0.43028846153846156
0 0.6694711538461539 0.4831730769230769 0.0673076923076923 0.43509615384615385
0 0.7247596153846154 0.4675480769230769 0.07451923076923077 0.49038461538461536
0 0.7908653846153846 0.4723557692307692 0.08413461538461539 0.5096153846153846
0 0.8617788461538461 0.46634615384615385 0.09375 0.5673076923076923
0 0.9411057692307693 0.47475961538461536 0.09615384615384616 0.5817307692307693
0 0.9675480769230769 0.4651442307692308 0.05048076923076923 0.4831730769230769
0 0.9927884615384616 0.3425480769230769 0.01201923076923077 0.3269230769230769