0 0.052884615384615384 0.8569711538461539 0.0673076923076923 0.21153846153846154
0 0.5348557692307693 0.7728365384615384 0.04326923076923077 0.15384615384615385
0 0.6622596153846154 0.7439903846153846 0.04326923076923077 0.12980769230769232
0 0.7043269230769231 0.7439903846153846 0.038461538461538464 0.13221153846153846
0 0.7283653846153846 0.7307692307692307 0.038461538461538464 0.11298076923076923
0 0.7391826923076923 0.7175480769230769 0.03365384615384615 0.11057692307692307
0 0.7848557692307693 0.7091346153846154 0.038461538461538464 0.11538461538461539
0 0.8786057692307693 0.7331730769230769 0.055288461538461536 0.15144230769230768
0 0.9050480769230769 0.7391826923076923 0.055288461538461536 0.18269230769230768
0 0.9350961538461539 0.7451923076923077 0.0889423076923077 0.20673076923076922
0 0.96875 0.7391826923076923 0.06009615384615385 0.19230769230769232
0 0.984375 0.6646634615384616 0.028846153846153848 0.0673076923076923