0 0.0985576923076923 0.5060096153846154 0.1971153846153846 0.9831730769230769
0 0.07211538461538461 0.16466346153846154 0.06490384615384616 0.12259615384615384
0 0.2536057692307692 0.47836538461538464 0.038461538461538464 0.20432692307692307
0 0.2704326923076923 0.21875 0.05048076923076923 0.10336538461538461
0 0.4639423076923077 0.46274038461538464 0.17067307692307693 0.40384615384615385
0 0.4483173076923077 0.25841346153846156 0.04807692307692308 0.07692307692307693
0 0.49759615384615385 0.7199519230769231 0.01201923076923077 0.019230769230769232
0 0.5012019230769231 0.7103365384615384 0.007211538461538462 0.02403846153846154
0 0.5072115384615384 0.7067307692307693 0.007211538461538462 0.02403846153846154
0 0.5288461538461539 0.4543269230769231 0.03365384615384615 0.036057692307692304
0 0.53125 0.7211538461538461 0.026442307692307692 0.036057692307692304
0 0.578125 0.4567307692307692 0.11778846153846154 0.40625
0 0.5372596153846154 0.2920673076923077 0.028846153846153848 0.057692307692307696
0 0.5612980769230769 0.7259615384615384 0.02403846153846154 0.03365384615384615
0 0.6574519230769231 0.4723557692307692 0.20673076923076922 0.45913461538461536
0 0.5925480769230769 0.7283653846153846 0.02403846153846154 0.038461538461538464
0 0.6165865384615384 0.3245192307692308 0.016826923076923076 0.028846153846153848
0 0.8197115384615384 0.5685096153846154 0.16826923076923078 0.7980769230769231