0 0.5408653846153846 0.3942307692307692 0.06490384615384616 0.15625
0 0.06370192307692307 0.8305288461538461 0.12740384615384615 0.33413461538461536
0 0.203125 0.9026442307692307 0.19230769230769232 0.19230769230769232
0 0.21995192307692307 0.45552884615384615 0.08413461538461539 0.3894230769230769
0 0.3004807692307692 0.7992788461538461 0.2091346153846154 0.35096153846153844
0 0.2920673076923077 0.4795673076923077 0.04807692307692308 0.25240384615384615
0 0.4567307692307692 0.6286057692307693 0.125 0.14903846153846154
0 0.5637019230769231 0.7175480769230769 0.13701923076923078 0.18509615384615385
0 0.6514423076923077 0.40384615384615385 0.07932692307692307 0.13221153846153846
0 0.7367788461538461 0.7668269230769231 0.17307692307692307 0.31009615384615385
0 0.8149038461538461 0.6766826923076923 0.12740384615384615 0.2403846153846154
0 0.8425480769230769 0.8112980769230769 0.0985576923076923 0.19951923076923078