0 0.056490384615384616 0.5745192307692307 0.10336538461538461 0.46634615384615385
0 0.0985576923076923 0.5913461538461539 0.10817307692307693 0.21634615384615385
0 0.11778846153846154 0.5853365384615384 0.0625 0.20432692307692307
0 0.16706730769230768 0.84375 0.06971153846153846 0.16826923076923078
0 0.234375 0.390625 0.15384615384615385 0.5216346153846154
0 0.28125 0.3233173076923077 0.1971153846153846 0.5048076923076923
0 0.2848557692307692 0.8425480769230769 0.10336538461538461 0.16105769230769232
0 0.5612980769230769 0.5060096153846154 0.27403846153846156 0.8605769230769231
0 0.5745192307692307 0.5024038461538461 0.2692307692307692 0.9903846153846154
0 0.7956730769230769 0.296875 0.19951923076923078 0.46634615384615385
0 0.7956730769230769 0.734375 0.13701923076923078 0.39663461538461536
0 0.8689903846153846 0.6862980769230769 0.19951923076923078 0.4326923076923077
0 0.8629807692307693 0.28365384615384615 0.13221153846153846 0.34375