0 0.7728365384615384 0.5649038461538461 0.28846153846153844 0.8245192307692307
0 0.038461538461538464 0.5288461538461539 0.07692307692307693 0.5240384615384616
0 0.06610576923076923 0.5060096153846154 0.09134615384615384 0.4567307692307692
0 0.07451923076923077 0.33774038461538464 0.055288461538461536 0.10336538461538461
0 0.17307692307692307 0.38461538461538464 0.07692307692307693 0.19230769230769232
0 0.1622596153846154 0.31971153846153844 0.016826923076923076 0.038461538461538464
0 0.2704326923076923 0.5625 0.16346153846153846 0.6490384615384616
0 0.2776442307692308 0.5973557692307693 0.17548076923076922 0.7884615384615384
0 0.24158653846153846 0.3161057692307692 0.036057692307692304 0.06009615384615385
0 0.44471153846153844 0.5973557692307693 0.30288461538461536 0.8028846153846154
0 0.5600961538461539 0.5757211538461539 0.13942307692307693 0.7067307692307693
0 0.8786057692307693 0.3449519230769231 0.04326923076923077 0.10336538461538461
0 0.9459134615384616 0.5625 0.10576923076923077 0.4495192307692308