0 0.3293269230769231 0.6274038461538461 0.09375 0.2620192307692308
0 0.018028846153846152 0.6754807692307693 0.036057692307692304 0.11057692307692307
0 0.039663461538461536 0.6502403846153846 0.021634615384615384 0.0625
0 0.07692307692307693 0.6358173076923077 0.038461538461538464 0.06009615384615385
0 0.12740384615384615 0.6310096153846154 0.06490384615384616 0.21634615384615385
0 0.21033653846153846 0.6105769230769231 0.07932692307692307 0.2956730769230769
0 0.38221153846153844 0.6778846153846154 0.026442307692307692 0.11538461538461539
0 0.41586538461538464 0.6742788461538461 0.052884615384615384 0.11298076923076923
0 0.484375 0.6778846153846154 0.03125 0.11538461538461539
0 0.546875 0.6430288461538461 0.019230769230769232 0.06009615384615385
0 0.6442307692307693 0.6850961538461539 0.03125 0.12740384615384615
0 0.8737980769230769 0.7163461538461539 0.021634615384615384 0.038461538461538464