0 0.008413461538461538 0.44471153846153844 0.016826923076923076 0.1971153846153846
0 0.04567307692307692 0.40625 0.06490384615384616 0.14423076923076922
0 0.19831730769230768 0.3545673076923077 0.07692307692307693 0.12259615384615384
0 0.2776442307692308 0.33533653846153844 0.0625 0.11538461538461539
0 0.3233173076923077 0.7403846153846154 0.12740384615384615 0.2932692307692308
0 0.39903846153846156 0.2548076923076923 0.06490384615384616 0.18990384615384615
0 0.5096153846153846 0.3112980769230769 0.0673076923076923 0.11778846153846154
0 0.6201923076923077 0.3245192307692308 0.08173076923076923 0.14423076923076922
0 0.7668269230769231 0.8617788461538461 0.1971153846153846 0.27163461538461536
0 0.7331730769230769 0.37740384615384615 0.06490384615384616 0.1346153846153846
0 0.9098557692307693 0.7067307692307693 0.10336538461538461 0.25240384615384615