0 0.06129807692307692 0.5384615384615384 0.10336538461538461 0.6730769230769231
0 0.10576923076923077 0.5168269230769231 0.11298076923076923 0.6514423076923077
0 0.1045673076923077 0.10817307692307693 0.07211538461538461 0.18990384615384615
0 0.20192307692307693 0.5997596153846154 0.2644230769230769 0.7956730769230769
0 0.23798076923076922 0.2548076923076923 0.1466346153846154 0.3004807692307692
0 0.2932692307692308 0.1466346153846154 0.09375 0.24278846153846154
0 0.3269230769230769 0.4411057692307692 0.0985576923076923 0.5168269230769231
0 0.41586538461538464 0.47716346153846156 0.1201923076923077 0.6009615384615384
0 0.5264423076923077 0.5084134615384616 0.1346153846153846 0.7019230769230769
0 0.7295673076923077 0.36538461538461536 0.5384615384615384 0.5961538461538461
0 0.6237980769230769 0.5829326923076923 0.15625 0.8293269230769231
0 0.6995192307692307 0.6201923076923077 0.12740384615384615 0.7572115384615384
0 0.796875 0.6490384615384616 0.18509615384615385 0.6995192307692307