0 0.06370192307692307 0.9783653846153846 0.11298076923076923 0.038461538461538464
0 0.08653846153846154 0.9038461538461539 0.15865384615384615 0.07211538461538461
0 0.12259615384615384 0.8401442307692307 0.125 0.04326923076923077
0 0.17307692307692307 0.7860576923076923 0.15625 0.040865384615384616
0 0.2692307692307692 0.9807692307692307 0.14423076923076922 0.03365384615384615
0 0.47596153846153844 0.33413461538461536 0.5576923076923077 0.6658653846153846
0 0.5012019230769231 0.96875 0.19951923076923078 0.06009615384615385
0 0.5 0.734375 0.08413461538461539 0.040865384615384616
0 0.5048076923076923 0.39663461538461536 0.016826923076923076 0.06490384615384616
0 0.53125 0.36658653846153844 0.03125 0.057692307692307696
0 0.5637019230769231 0.3629807692307692 0.028846153846153848 0.06009615384615385
0 0.6237980769230769 0.7331730769230769 0.08413461538461539 0.038461538461538464
0 0.6129807692307693 0.3317307692307692 0.028846153846153848 0.06971153846153846
0 0.6995192307692307 0.9663461538461539 0.07451923076923077 0.04567307692307692
0 0.6959134615384616 0.984375 0.06490384615384616 0.028846153846153848
0 0.7524038461538461 0.7247596153846154 0.11538461538461539 0.03365384615384615
0 0.7548076923076923 0.9759615384615384 0.057692307692307696 0.04326923076923077
0 0.8100961538461539 0.9723557692307693 0.08413461538461539 0.05048076923076923
0 0.8257211538461539 0.7752403846153846 0.11057692307692307 0.03365384615384615
0 0.8930288461538461 0.8329326923076923 0.125 0.04326923076923077
0 0.9158653846153846 0.8810096153846154 0.1658653846153846 0.05048076923076923
0 0.9855769230769231 0.9495192307692307 0.026442307692307692 0.026442307692307692