0 0.8197115384615384 0.6754807692307693 0.055288461538461536 0.1778846153846154
0 0.171875 0.7175480769230769 0.026442307692307692 0.1875
0 0.20432692307692307 0.7295673076923077 0.038461538461538464 0.17067307692307693
0 0.24639423076923078 0.7403846153846154 0.057692307692307696 0.23798076923076922
0 0.29927884615384615 0.6598557692307693 0.055288461538461536 0.11057692307692307
0 0.34375 0.6670673076923077 0.021634615384615384 0.07451923076923077
0 0.3629807692307692 0.7127403846153846 0.028846153846153848 0.17548076923076922
0 0.4543269230769231 0.6778846153846154 0.04326923076923077 0.07932692307692307
0 0.48677884615384615 0.7992788461538461 0.06971153846153846 0.39903846153846156
0 0.6069711538461539 0.7163461538461539 0.0889423076923077 0.18990384615384615
0 0.6418269230769231 0.703125 0.06009615384615385 0.1971153846153846
0 0.6682692307692307 0.6682692307692307 0.021634615384615384 0.09375
0 0.7271634615384616 0.7608173076923077 0.09134615384615384 0.35096153846153844
0 0.7572115384615384 0.6634615384615384 0.036057692307692304 0.09375