0 0.25600961538461536 0.7307692307692307 0.06490384615384616 0.31971153846153844
0 0.11778846153846154 0.7752403846153846 0.09134615384615384 0.44711538461538464
0 0.10336538461538461 0.5516826923076923 0.055288461538461536 0.09134615384615384
0 0.14182692307692307 0.7055288461538461 0.055288461538461536 0.3293269230769231
0 0.18629807692307693 0.8497596153846154 0.057692307692307696 0.2980769230769231
0 0.3016826923076923 0.6778846153846154 0.02403846153846154 0.19471153846153846
0 0.3269230769230769 0.7079326923076923 0.052884615384615384 0.28125
0 0.33774038461538464 0.6454326923076923 0.05048076923076923 0.1466346153846154
0 0.36778846153846156 0.7524038461538461 0.038461538461538464 0.20192307692307693
0 0.4014423076923077 0.6935096153846154 0.08413461538461539 0.31490384615384615
0 0.4266826923076923 0.7512019230769231 0.040865384615384616 0.2091346153846154
0 0.4423076923076923 0.7427884615384616 0.028846153846153848 0.18509615384615385
0 0.4651442307692308 0.6778846153846154 0.03365384615384615 0.026442307692307692
0 0.4831730769230769 0.6165865384615384 0.06009615384615385 0.15384615384615385
0 0.49278846153846156 0.7271634615384616 0.02403846153846154 0.10576923076923077
0 0.5336538461538461 0.6887019230769231 0.10576923076923077 0.3293269230769231
0 0.5144230769230769 0.7487980769230769 0.04326923076923077 0.21153846153846154
0 0.5985576923076923 0.6069711538461539 0.026442307692307692 0.09375
0 0.6177884615384616 0.7463942307692307 0.03365384615384615 0.1778846153846154
0 0.6262019230769231 0.6911057692307693 0.038461538461538464 0.25721153846153844
0 0.6430288461538461 0.7536057692307693 0.036057692307692304 0.20192307692307693
0 0.6442307692307693 0.5757211538461539 0.02403846153846154 0.06009615384615385
0 0.6670673076923077 0.6177884615384616 0.03365384615384615 0.18990384615384615
0 0.6778846153846154 0.5733173076923077 0.019230769230769232 0.038461538461538464
0 0.6923076923076923 0.6069711538461539 0.026442307692307692 0.057692307692307696
0 0.7019230769230769 0.6105769230769231 0.03125 0.10576923076923077
0 0.7043269230769231 0.6586538461538461 0.028846153846153848 0.07692307692307693
0 0.8377403846153846 0.6682692307692307 0.23317307692307693 0.2644230769230769
0 0.875 0.7019230769230769 0.08173076923076923 0.31009615384615385