0 0.026442307692307692 0.8617788461538461 0.052884615384615384 0.18269230769230768
0 0.13581730769230768 0.8605769230769231 0.0889423076923077 0.19230769230769232
0 0.19471153846153846 0.9050480769230769 0.06490384615384616 0.1875
0 0.24158653846153846 0.8557692307692307 0.03125 0.17067307692307693
0 0.3004807692307692 0.953125 0.09375 0.09134615384615384
0 0.2800480769230769 0.8185096153846154 0.02403846153846154 0.06971153846153846
0 0.34615384615384615 0.8677884615384616 0.0625 0.18509615384615385
0 0.38461538461538464 0.36538461538461536 0.052884615384615384 0.07932692307692307
0 0.46875 0.9627403846153846 0.10096153846153846 0.07211538461538461
0 0.49038461538461536 0.8834134615384616 0.055288461538461536 0.18269230769230768
0 0.5480769230769231 0.9555288461538461 0.06490384615384616 0.08653846153846154
0 0.5973557692307693 0.8894230769230769 0.055288461538461536 0.19230769230769232
0 0.6887019230769231 0.9639423076923077 0.09375 0.06971153846153846
0 0.6862980769230769 0.8653846153846154 0.06009615384615385 0.11778846153846154
0 0.7463942307692307 0.9026442307692307 0.052884615384615384 0.17307692307692307
0 0.8052884615384616 0.8762019230769231 0.0625 0.11778846153846154
0 0.8497596153846154 0.9627403846153846 0.13221153846153846 0.07211538461538461
0 0.8870192307692307 0.36899038461538464 0.0889423076923077 0.10096153846153846
0 0.8822115384615384 0.8798076923076923 0.07211538461538461 0.17548076923076922