0 0.020432692307692308 0.20673076923076922 0.040865384615384616 0.12980769230769232
0 0.1622596153846154 0.5973557692307693 0.3245192307692308 0.8028846153846154
0 0.09495192307692307 0.2860576923076923 0.09375 0.27884615384615385
0 0.16466346153846154 0.18389423076923078 0.038461538461538464 0.07692307692307693
0 0.22956730769230768 0.16947115384615385 0.03365384615384615 0.0625
0 0.30528846153846156 0.37740384615384615 0.1346153846153846 0.43028846153846156
0 0.2956730769230769 0.09375 0.07692307692307693 0.16105769230769232
0 0.375 0.296875 0.09134615384615384 0.2644230769230769
0 0.35697115384615385 0.17067307692307693 0.04326923076923077 0.08653846153846154
0 0.5168269230769231 0.2091346153846154 0.055288461538461536 0.14182692307692307
0 0.5480769230769231 0.234375 0.052884615384615384 0.14182692307692307
0 0.5829326923076923 0.28966346153846156 0.08413461538461539 0.30288461538461536
0 0.6826923076923077 0.390625 0.14423076923076922 0.37259615384615385
0 0.8557692307692307 0.6466346153846154 0.28365384615384615 0.7019230769230769