0 0.11899038461538461 0.7163461538461539 0.18269230769230768 0.37740384615384615
0 0.030048076923076924 0.5685096153846154 0.06009615384615385 0.11057692307692307
0 0.14783653846153846 0.5336538461538461 0.04326923076923077 0.08413461538461539
0 0.25841346153846156 0.5252403846153846 0.038461538461538464 0.08653846153846154
0 0.29447115384615385 0.5288461538461539 0.040865384615384616 0.0625
0 0.38341346153846156 0.5396634615384616 0.040865384615384616 0.12259615384615384
0 0.43509615384615385 0.7043269230769231 0.10817307692307693 0.34615384615384615
0 0.46274038461538464 0.5132211538461539 0.04567307692307692 0.0625
0 0.5264423076923077 0.5144230769230769 0.038461538461538464 0.06490384615384616
0 0.6009615384615384 0.5240384615384616 0.04326923076923077 0.052884615384615384
0 0.6430288461538461 0.5276442307692307 0.0673076923076923 0.0625
0 0.6478365384615384 0.47475961538461536 0.02403846153846154 0.0625
0 0.7295673076923077 0.5240384615384616 0.07451923076923077 0.0673076923076923
0 0.7475961538461539 0.5036057692307693 0.026442307692307692 0.055288461538461536
0 0.8064903846153846 0.5240384615384616 0.06490384615384616 0.0673076923076923
0 0.8834134615384616 0.5745192307692307 0.06490384615384616 0.13942307692307693
0 0.9242788461538461 0.6550480769230769 0.12259615384615384 0.18028846153846154
0 0.9302884615384616 0.8329326923076923 0.1346153846153846 0.3293269230769231
0 0.9170673076923077 0.5997596153846154 0.0985576923076923 0.14903846153846154