0 0.5096153846153846 0.5865384615384616 0.07692307692307693 0.37740384615384615
0 0.03245192307692308 0.859375 0.057692307692307696 0.25
0 0.12980769230769232 0.7560096153846154 0.06009615384615385 0.12980769230769232
0 0.27524038461538464 0.7716346153846154 0.0985576923076923 0.14423076923076922
0 0.41586538461538464 0.8533653846153846 0.14903846153846154 0.27163461538461536
0 0.49158653846153844 0.7884615384615384 0.07692307692307693 0.15625
0 0.5733173076923077 0.8810096153846154 0.1346153846153846 0.21634615384615385
0 0.5348557692307693 0.7896634615384616 0.05048076923076923 0.11057692307692307
0 0.6117788461538461 0.7247596153846154 0.06009615384615385 0.06490384615384616
0 0.6971153846153846 0.9014423076923077 0.10336538461538461 0.18269230769230768
0 0.8461538461538461 0.9206730769230769 0.18269230769230768 0.15384615384615385
0 0.8798076923076923 0.8413461538461539 0.07451923076923077 0.15625
0 0.9495192307692307 0.8774038461538461 0.09615384615384616 0.2403846153846154