0 0.4987980769230769 0.6838942307692307 0.9975961538461539 0.6274038461538461
0 0.16466346153846154 0.7848557692307693 0.028846153846153848 0.12740384615384615
0 0.296875 0.1346153846153846 0.01201923076923077 0.052884615384615384
0 0.32091346153846156 0.1346153846153846 0.019230769230769232 0.052884615384615384
0 0.5348557692307693 0.125 0.01201923076923077 0.021634615384615384
0 0.5661057692307693 0.125 0.009615384615384616 0.026442307692307692
0 0.6262019230769231 0.1201923076923077 0.009615384615384616 0.021634615384615384
0 0.640625 0.12139423076923077 0.026442307692307692 0.04807692307692308
0 0.6911057692307693 0.12860576923076922 0.014423076923076924 0.026442307692307692
0 0.7355769230769231 0.12980769230769232 0.019230769230769232 0.038461538461538464
0 0.7596153846153846 0.1310096153846154 0.007211538461538462 0.028846153846153848
0 0.7956730769230769 0.12860576923076922 0.01201923076923077 0.03365384615384615
0 0.8149038461538461 0.12860576923076922 0.014423076923076924 0.04567307692307692
0 0.8521634615384616 0.7704326923076923 0.036057692307692304 0.10817307692307693