0 0.2439903846153846 0.6971153846153846 0.0625 0.25721153846153844
0 0.3088942307692308 0.7079326923076923 0.052884615384615384 0.31971153846153844
0 0.3425480769230769 0.71875 0.0625 0.2860576923076923
0 0.4014423076923077 0.6682692307692307 0.07451923076923077 0.20432692307692307
0 0.42788461538461536 0.6959134615384616 0.052884615384615384 0.14182692307692307
0 0.46875 0.6430288461538461 0.07211538461538461 0.24519230769230768
0 0.5024038461538461 0.6586538461538461 0.038461538461538464 0.17307692307692307
0 0.5769230769230769 0.34615384615384615 0.1658653846153846 0.46634615384615385
0 0.5432692307692307 0.6526442307692307 0.06009615384615385 0.21394230769230768
0 0.5829326923076923 0.6189903846153846 0.06009615384615385 0.15625
0 0.6021634615384616 0.6466346153846154 0.052884615384615384 0.15384615384615385
0 0.6430288461538461 0.6382211538461539 0.04326923076923077 0.1466346153846154
0 0.671875 0.6466346153846154 0.040865384615384616 0.11057692307692307
0 0.7055288461538461 0.6298076923076923 0.03365384615384615 0.10817307692307693
0 0.7331730769230769 0.6117788461538461 0.03365384615384615 0.10576923076923077
0 0.7463942307692307 0.6466346153846154 0.055288461538461536 0.11057692307692307
0 0.7800480769230769 0.6346153846153846 0.04567307692307692 0.13701923076923078
0 0.8112980769230769 0.6598557692307693 0.04326923076923077 0.12980769230769232
0 0.84375 0.6322115384615384 0.03125 0.1466346153846154
0 0.8882211538461539 0.6430288461538461 0.04567307692307692 0.09134615384615384