0 0.046875 0.6165865384615384 0.036057692307692304 0.04567307692307692
0 0.11057692307692307 0.6165865384615384 0.01201923076923077 0.04326923076923077
0 0.16706730769230768 0.6213942307692307 0.021634615384615384 0.06009615384615385
0 0.21033653846153846 0.6201923076923077 0.036057692307692304 0.08413461538461539
0 0.2980769230769231 0.6310096153846154 0.06009615384615385 0.08173076923076923
0 0.3870192307692308 0.6189903846153846 0.016826923076923076 0.04326923076923077
0 0.4206730769230769 0.6237980769230769 0.01201923076923077 0.04326923076923077
0 0.4831730769230769 0.6165865384615384 0.040865384615384616 0.0673076923076923
0 0.5480769230769231 0.6430288461538461 0.021634615384615384 0.04807692307692308
0 0.5829326923076923 0.6165865384615384 0.021634615384615384 0.05048076923076923
0 0.6454326923076923 0.6706730769230769 0.04567307692307692 0.1658653846153846
0 0.6706730769230769 0.6274038461538461 0.02403846153846154 0.07692307692307693
0 0.7139423076923077 0.6310096153846154 0.019230769230769232 0.06009615384615385
0 0.7391826923076923 0.6418269230769231 0.03365384615384615 0.11538461538461539
0 0.78125 0.6418269230769231 0.04326923076923077 0.12259615384615384
0 0.8846153846153846 0.6346153846153846 0.07451923076923077 0.07932692307692307
0 0.9555288461538461 0.6370192307692307 0.028846153846153848 0.04807692307692308