0 0.5432692307692307 0.8557692307692307 0.07932692307692307 0.1778846153846154
0 0.2800480769230769 0.8149038461538461 0.038461538461538464 0.09375
0 0.3112980769230769 0.8269230769230769 0.038461538461538464 0.11538461538461539
0 0.36538461538461536 0.8317307692307693 0.07932692307692307 0.2283653846153846
0 0.4230769230769231 0.8377403846153846 0.052884615384615384 0.14903846153846154
0 0.5012019230769231 0.8052884615384616 0.03125 0.040865384615384616
0 0.6322115384615384 0.8341346153846154 0.07211538461538461 0.19471153846153846
0 0.6790865384615384 0.8293269230769231 0.03365384615384615 0.0673076923076923
0 0.7223557692307693 0.8221153846153846 0.038461538461538464 0.04807692307692308
0 0.7620192307692307 0.8389423076923077 0.04326923076923077 0.09134615384615384
0 0.8052884615384616 0.8293269230769231 0.036057692307692304 0.11778846153846154
0 0.8497596153846154 0.8221153846153846 0.036057692307692304 0.0625