0 0.17307692307692307 0.4026442307692308 0.07932692307692307 0.2860576923076923
0 0.24639423076923078 0.4074519230769231 0.06490384615384616 0.2548076923076923
0 0.3894230769230769 0.47475961538461536 0.32211538461538464 0.8918269230769231
0 0.29927884615384615 0.4206730769230769 0.10336538461538461 0.3125
0 0.5324519230769231 0.46274038461538464 0.1658653846153846 0.5384615384615384
0 0.6286057692307693 0.4543269230769231 0.20673076923076922 0.5264423076923077
0 0.7235576923076923 0.4387019230769231 0.20192307692307693 0.5625
0 0.9170673076923077 0.38822115384615385 0.057692307692307696 0.2091346153846154
0 0.9399038461538461 0.38341346153846156 0.040865384615384616 0.2091346153846154
0 0.9819711538461539 0.33533653846153844 0.03125 0.11778846153846154
0 0.984375 0.4074519230769231 0.026442307692307692 0.21875