0 0.6033653846153846 0.734375 0.0889423076923077 0.4254807692307692
0 0.05889423076923077 0.7355769230769231 0.07932692307692307 0.3942307692307692
0 0.15384615384615385 0.7403846153846154 0.07451923076923077 0.35096153846153844
0 0.18269230769230768 0.6370192307692307 0.021634615384615384 0.14182692307692307
0 0.21634615384615385 0.7079326923076923 0.06971153846153846 0.3173076923076923
0 0.26802884615384615 0.7199519230769231 0.07211538461538461 0.3293269230769231
0 0.36658653846153844 0.23918269230769232 0.08413461538461539 0.18509615384615385
0 0.4170673076923077 0.2704326923076923 0.04807692307692308 0.13221153846153846
0 0.42427884615384615 0.7475961538461539 0.036057692307692304 0.11298076923076923
0 0.5060096153846154 0.6947115384615384 0.057692307692307696 0.2644230769230769
0 0.5144230769230769 0.6730769230769231 0.05048076923076923 0.2403846153846154
0 0.5709134615384616 0.6670673076923077 0.055288461538461536 0.25240384615384615
0 0.6382211538461539 0.6875 0.04326923076923077 0.2980769230769231
0 0.6754807692307693 0.6838942307692307 0.04807692307692308 0.2403846153846154
0 0.7259615384615384 0.6550480769230769 0.02403846153846154 0.11057692307692307
0 0.7680288461538461 0.3449519230769231 0.04807692307692308 0.11298076923076923
0 0.8725961538461539 0.6658653846153846 0.040865384615384616 0.17548076923076922
0 0.8713942307692307 0.42788461538461536 0.036057692307692304 0.07692307692307693
0 0.9951923076923077 0.6442307692307693 0.004807692307692308 0.0625