0 0.12740384615384615 0.6899038461538461 0.2548076923076923 0.6153846153846154
0 0.29086538461538464 0.15985576923076922 0.5817307692307693 0.3173076923076923
0 0.016826923076923076 0.3545673076923077 0.026442307692307692 0.08413461538461539
0 0.10817307692307693 0.3329326923076923 0.019230769230769232 0.06009615384615385
0 0.16706730769230768 0.34134615384615385 0.016826923076923076 0.055288461538461536
0 0.21875 0.8942307692307693 0.038461538461538464 0.09134615384615384
0 0.23557692307692307 0.33653846153846156 0.021634615384615384 0.07211538461538461
0 0.25841346153846156 0.8894230769230769 0.036057692307692304 0.09375
0 0.36538461538461536 0.6574519230769231 0.15384615384615385 0.2644230769230769
0 0.31490384615384615 0.8557692307692307 0.036057692307692304 0.0985576923076923
0 0.34375 0.4807692307692308 0.02403846153846154 0.08413461538461539
0 0.34375 0.3112980769230769 0.016826923076923076 0.07692307692307693
0 0.3545673076923077 0.8822115384615384 0.036057692307692304 0.0889423076923077
0 0.38822115384615385 0.890625 0.03365384615384615 0.09615384615384616
0 0.38341346153846156 0.4699519230769231 0.016826923076923076 0.07692307692307693
0 0.4026442307692308 0.30528846153846156 0.016826923076923076 0.07451923076923077
0 0.4206730769230769 0.8701923076923077 0.03365384615384615 0.0985576923076923
0 0.4110576923076923 0.038461538461538464 0.01201923076923077 0.036057692307692304
0 0.41586538461538464 0.3016826923076923 0.016826923076923076 0.07211538461538461
0 0.421875 0.46875 0.014423076923076924 0.08653846153846154
0 0.421875 0.03365384615384615 0.009615384615384616 0.040865384615384616
0 0.4338942307692308 0.5516826923076923 0.02403846153846154 0.08173076923076923
0 0.44350961538461536 0.2920673076923077 0.019230769230769232 0.07451923076923077
0 0.45072115384615385 0.6754807692307693 0.03365384615384615 0.09375
0 0.7223557692307693 0.6694711538461539 0.5528846153846154 0.65625
0 0.4639423076923077 0.5420673076923077 0.028846153846153848 0.08653846153846154
0 0.4795673076923077 0.375 0.036057692307692304 0.1658653846153846
0 0.7367788461538461 0.14302884615384615 0.5240384615384616 0.28365384615384615
0 0.49278846153846156 0.28846153846153844 0.016826923076923076 0.0673076923076923
0 0.5048076923076923 0.45552884615384615 0.02403846153846154 0.06009615384615385
0 0.5108173076923077 0.5132211538461539 0.028846153846153848 0.08413461538461539
0 0.5096153846153846 0.28846153846153844 0.014423076923076924 0.06490384615384616
0 0.5288461538461539 0.46153846153846156 0.02403846153846154 0.07692307692307693
0 0.5384615384615384 0.28846153846153844 0.019230769230769232 0.06490384615384616
0 0.5336538461538461 0.07572115384615384 0.009615384615384616 0.04567307692307692
0 0.5528846153846154 0.9759615384615384 0.03365384615384615 0.04326923076923077
0 0.5516826923076923 0.46033653846153844 0.019230769230769232 0.07692307692307693
0 0.5588942307692307 0.28846153846153844 0.019230769230769232 0.0673076923076923
0 0.5745192307692307 0.29086538461538464 0.019230769230769232 0.07211538461538461
0 0.5889423076923077 0.4519230769230769 0.02403846153846154 0.07451923076923077
0 0.59375 0.6045673076923077 0.028846153846153848 0.08413461538461539
0 0.5913461538461539 0.29086538461538464 0.016826923076923076 0.06490384615384616
0 0.6069711538461539 0.296875 0.019230769230769232 0.06971153846153846
0 0.6430288461538461 0.3449519230769231 0.055288461538461536 0.1778846153846154
0 0.6742788461538461 0.47836538461538464 0.026442307692307692 0.0625
0 0.6802884615384616 0.4963942307692308 0.021634615384615384 0.07692307692307693
0 0.6814903846153846 0.29086538461538464 0.019230769230769232 0.06490384615384616
0 0.7007211538461539 0.3293269230769231 0.014423076923076924 0.06009615384615385
0 0.7103365384615384 0.3449519230769231 0.016826923076923076 0.07211538461538461
0 0.7163461538461539 0.2800480769230769 0.019230769230769232 0.055288461538461536
0 0.7235576923076923 0.3269230769230769 0.01201923076923077 0.040865384615384616
0 0.7331730769230769 0.2824519230769231 0.016826923076923076 0.05048076923076923
0 0.7487980769230769 0.9050480769230769 0.05048076923076923 0.09615384615384616
0 0.7331730769230769 0.34615384615384615 0.016826923076923076 0.07211538461538461
0 0.7548076923076923 0.29086538461538464 0.019230769230769232 0.052884615384615384
0 0.7548076923076923 0.33774038461538464 0.019230769230769232 0.07451923076923077
0 0.7788461538461539 0.2920673076923077 0.019230769230769232 0.0673076923076923
0 0.8365384615384616 0.31009615384615385 0.02403846153846154 0.06490384615384616
0 0.9254807692307693 0.31971153846153844 0.021634615384615384 0.07211538461538461
0 0.9891826923076923 0.3233173076923077 0.019230769230769232 0.07211538461538461