0 0.09495192307692307 0.34975961538461536 0.13701923076923078 0.11298076923076923
0 0.07932692307692307 0.8653846153846154 0.08413461538461539 0.07692307692307693
0 0.09014423076923077 0.15625 0.0625 0.15865384615384615
0 0.1814903846153846 0.8557692307692307 0.057692307692307696 0.0889423076923077
0 0.2127403846153846 0.6358173076923077 0.0889423076923077 0.16346153846153846
0 0.24879807692307693 0.3737980769230769 0.1466346153846154 0.057692307692307696
0 0.23317307692307693 0.17067307692307693 0.09375 0.13701923076923078
0 0.2920673076923077 0.8858173076923077 0.13221153846153846 0.1971153846153846
0 0.3076923076923077 0.6358173076923077 0.10336538461538461 0.15384615384615385
0 0.36177884615384615 0.11057692307692307 0.03125 0.07211538461538461
0 0.36899038461538464 0.19110576923076922 0.040865384615384616 0.08173076923076923
0 0.39663461538461536 0.11658653846153846 0.02403846153846154 0.07932692307692307
0 0.41586538461538464 0.20072115384615385 0.040865384615384616 0.07451923076923077
0 0.42788461538461536 0.11538461538461539 0.026442307692307692 0.06971153846153846
0 0.44711538461538464 0.3641826923076923 0.05048076923076923 0.14182692307692307
0 0.45913461538461536 0.21394230769230768 0.04326923076923077 0.036057692307692304
0 0.46153846153846156 0.11538461538461539 0.036057692307692304 0.07451923076923077
0 0.5673076923076923 0.6754807692307693 0.12259615384615384 0.07692307692307693
0 0.5504807692307693 0.8786057692307693 0.0673076923076923 0.16346153846153846
0 0.5745192307692307 0.20673076923076922 0.01201923076923077 0.036057692307692304
0 0.5901442307692307 0.27524038461538464 0.036057692307692304 0.08653846153846154
0 0.6009615384615384 0.20673076923076922 0.026442307692307692 0.036057692307692304
0 0.625 0.8798076923076923 0.05048076923076923 0.1658653846153846
0 0.6189903846153846 0.6370192307692307 0.03365384615384615 0.15144230769230768
0 0.6213942307692307 0.27283653846153844 0.03365384615384615 0.08653846153846154
0 0.6310096153846154 0.20673076923076922 0.019230769230769232 0.04326923076923077
0 0.6598557692307693 0.6478365384615384 0.03365384615384615 0.1346153846153846
0 0.6802884615384616 0.27283653846153844 0.021634615384615384 0.11538461538461539
0 0.7139423076923077 0.30408653846153844 0.08173076923076923 0.19951923076923078
0 0.7632211538461539 0.6370192307692307 0.15144230769230768 0.1201923076923077
0 0.7992788461538461 0.25 0.04567307692307692 0.10576923076923077
0 0.8269230769230769 0.3641826923076923 0.09375 0.11298076923076923
0 0.8485576923076923 0.24879807692307693 0.05048076923076923 0.10336538461538461
0 0.8689903846153846 0.8762019230769231 0.038461538461538464 0.16826923076923078
0 0.8798076923076923 0.6370192307692307 0.028846153846153848 0.125
0 0.9399038461538461 0.2608173076923077 0.04807692307692308 0.14903846153846154
0 0.9471153846153846 0.8762019230769231 0.055288461538461536 0.16346153846153846
0 0.9459134615384616 0.6213942307692307 0.026442307692307692 0.10817307692307693
0 0.9639423076923077 0.38341346153846156 0.04326923076923077 0.09134615384615384