0 0.7427884615384616 0.7572115384615384 0.05048076923076923 0.2644230769230769
0 0.3389423076923077 0.6790865384615384 0.036057692307692304 0.14182692307692307
0 0.4519230769230769 0.6670673076923077 0.021634615384615384 0.07451923076923077
0 0.4735576923076923 0.6670673076923077 0.01201923076923077 0.08413461538461539
0 0.49038461538461536 0.6802884615384616 0.026442307692307692 0.1201923076923077
0 0.5084134615384616 0.6887019230769231 0.019230769230769232 0.11057692307692307
0 0.5336538461538461 0.6959134615384616 0.04567307692307692 0.16346153846153846
0 0.5709134615384616 0.7103365384615384 0.028846153846153848 0.13221153846153846
0 0.6105769230769231 0.6875 0.06971153846153846 0.13221153846153846
0 0.7920673076923077 0.7439903846153846 0.04326923076923077 0.2548076923076923
0 0.8413461538461539 0.7524038461538461 0.057692307692307696 0.27403846153846156
0 0.8966346153846154 0.7451923076923077 0.05048076923076923 0.24519230769230768