0 0.040865384615384616 0.8221153846153846 0.08173076923076923 0.35096153846153844
0 0.09615384615384616 0.8786057692307693 0.04807692307692308 0.2403846153846154
0 0.2127403846153846 0.8485576923076923 0.10336538461538461 0.3004807692307692
0 0.28846153846153844 0.8329326923076923 0.08413461538461539 0.3317307692307692
0 0.3918269230769231 0.7920673076923077 0.036057692307692304 0.13942307692307693
0 0.40625 0.6730769230769231 0.036057692307692304 0.07451923076923077
0 0.4483173076923077 0.8461538461538461 0.057692307692307696 0.30288461538461536
0 0.44350961538461536 0.5757211538461539 0.03365384615384615 0.12259615384615384
0 0.49038461538461536 0.8449519230769231 0.05048076923076923 0.24759615384615385
0 0.5829326923076923 0.8269230769230769 0.04567307692307692 0.25961538461538464
0 0.671875 0.828125 0.03365384615384615 0.25961538461538464
0 0.7223557692307693 0.8377403846153846 0.07451923076923077 0.24519230769230768
0 0.7980769230769231 0.7920673076923077 0.03365384615384615 0.15144230769230768
0 0.8389423076923077 0.8329326923076923 0.04567307692307692 0.25
0 0.8978365384615384 0.8425480769230769 0.0625 0.2980769230769231
0 0.9675480769230769 0.8557692307692307 0.06009615384615385 0.28365384615384615