0 0.05048076923076923 0.5504807692307693 0.10096153846153846 0.35336538461538464
0 0.046875 0.42908653846153844 0.014423076923076924 0.02403846153846154
0 0.055288461538461536 0.4362980769230769 0.01201923076923077 0.021634615384615384
0 0.07211538461538461 0.4519230769230769 0.021634615384615384 0.06009615384615385
0 0.08774038461538461 0.47475961538461536 0.021634615384615384 0.11298076923076923
0 0.109375 0.49158653846153844 0.026442307692307692 0.13942307692307693
0 0.15625 0.49038461538461536 0.026442307692307692 0.18269230769230768
0 0.18028846153846154 0.5108173076923077 0.03365384615384615 0.19230769230769232
0 0.1971153846153846 0.53125 0.0673076923076923 0.3173076923076923
0 0.23918269230769232 0.5612980769230769 0.10576923076923077 0.34134615384615385
0 0.25 0.4411057692307692 0.016826923076923076 0.0673076923076923
0 0.27163461538461536 0.5300480769230769 0.04326923076923077 0.25240384615384615
0 0.32572115384615385 0.4879807692307692 0.03365384615384615 0.13942307692307693
0 0.3425480769230769 0.49399038461538464 0.052884615384615384 0.15625
0 0.40384615384615385 0.5733173076923077 0.055288461538461536 0.3605769230769231
0 0.43990384615384615 0.5024038461538461 0.03365384615384615 0.18990384615384615
0 0.4483173076923077 0.5168269230769231 0.05048076923076923 0.20192307692307693
0 0.47596153846153844 0.5853365384615384 0.07211538461538461 0.49759615384615385
0 0.5324519230769231 0.45552884615384615 0.038461538461538464 0.08413461538461539
0 0.5588942307692307 0.5336538461538461 0.07451923076923077 0.2620192307692308
0 0.5997596153846154 0.5324519230769231 0.08173076923076923 0.25961538461538464
0 0.6923076923076923 0.6646634615384616 0.07692307692307693 0.5649038461538461
0 0.8377403846153846 0.5372596153846154 0.05048076923076923 0.2403846153846154
0 0.8786057692307693 0.5516826923076923 0.10336538461538461 0.28365384615384615
0 0.921875 0.5853365384615384 0.15384615384615385 0.42788461538461536