0 0.46875 0.6165865384615384 0.057692307692307696 0.3701923076923077
0 0.20072115384615385 0.7259615384615384 0.057692307692307696 0.19471153846153846
0 0.25600961538461536 0.6850961538461539 0.036057692307692304 0.27403846153846156
0 0.3557692307692308 0.6298076923076923 0.20192307692307693 0.3629807692307692
0 0.3737980769230769 0.8786057692307693 0.04567307692307692 0.14182692307692307
0 0.4266826923076923 0.8894230769230769 0.06490384615384616 0.16826923076923078
0 0.5793269230769231 0.6298076923076923 0.14903846153846154 0.34615384615384615
0 0.6177884615384616 0.8978365384615384 0.06009615384615385 0.10576923076923077
0 0.6622596153846154 0.90625 0.0889423076923077 0.09134615384615384
0 0.6730769230769231 0.6358173076923077 0.07211538461538461 0.31971153846153844
0 0.7331730769230769 0.8810096153846154 0.08653846153846154 0.1346153846153846
0 0.7415865384615384 0.6454326923076923 0.057692307692307696 0.30288461538461536
0 0.8617788461538461 0.8894230769230769 0.14903846153846154 0.17067307692307693