0 0.03245192307692308 0.40384615384615385 0.0625 0.12259615384615384
0 0.06370192307692307 0.38100961538461536 0.019230769230769232 0.0625
0 0.08052884615384616 0.3786057692307692 0.014423076923076924 0.06009615384615385
0 0.09615384615384616 0.3786057692307692 0.02403846153846154 0.0625
0 0.13701923076923078 0.42427884615384615 0.06009615384615385 0.16346153846153846
0 0.18269230769230768 0.41346153846153844 0.057692307692307696 0.13701923076923078
0 0.265625 0.35697115384615385 0.014423076923076924 0.03125
0 0.3161057692307692 0.49759615384615385 0.11057692307692307 0.31490384615384615
0 0.36658653846153844 0.3629807692307692 0.014423076923076924 0.036057692307692304
0 0.5168269230769231 0.36778846153846156 0.021634615384615384 0.04326923076923077
0 0.5853365384615384 0.3713942307692308 0.019230769230769232 0.03125
0 0.7439903846153846 0.3918269230769231 0.019230769230769232 0.038461538461538464
0 0.7992788461538461 0.5084134615384616 0.12740384615384615 0.28365384615384615