0 0.036057692307692304 0.1346153846153846 0.07211538461538461 0.0673076923076923
0 0.04326923076923077 0.26802884615384615 0.08653846153846154 0.20432692307692307
0 0.28365384615384615 0.08052884615384616 0.5673076923076923 0.16105769230769232
0 0.052884615384615384 0.08653846153846154 0.08653846153846154 0.11057692307692307
0 0.06610576923076923 0.1935096153846154 0.07451923076923077 0.10576923076923077
0 0.11538461538461539 0.11298076923076923 0.0985576923076923 0.10817307692307693
0 0.20793269230769232 0.1658653846153846 0.06971153846153846 0.15384615384615385
0 0.2536057692307692 0.18509615384615385 0.08173076923076923 0.14903846153846154
0 0.3004807692307692 0.1935096153846154 0.06971153846153846 0.1201923076923077
0 0.34375 0.20793269230769232 0.10336538461538461 0.10096153846153846
0 0.390625 0.3858173076923077 0.18269230769230768 0.2860576923076923
0 0.42788461538461536 0.27524038461538464 0.08173076923076923 0.14903846153846154
0 0.5024038461538461 0.49759615384615385 0.22115384615384615 0.3125
0 0.42427884615384615 0.17908653846153846 0.052884615384615384 0.04807692307692308
0 0.5072115384615384 0.27283653846153844 0.12259615384615384 0.16826923076923078
0 0.7367788461538461 0.07451923076923077 0.4543269230769231 0.14903846153846154
0 0.5685096153846154 0.2620192307692308 0.10336538461538461 0.15384615384615385
0 0.5997596153846154 0.15865384615384615 0.038461538461538464 0.04567307692307692
0 0.6346153846153846 0.28365384615384615 0.0889423076923077 0.18269230769230768
0 0.6610576923076923 0.15144230769230768 0.036057692307692304 0.038461538461538464
0 0.6971153846153846 0.23317307692307693 0.09615384615384616 0.11298076923076923
0 0.828125 0.515625 0.31971153846153844 0.3269230769230769
0 0.7487980769230769 0.4098557692307692 0.15144230769230768 0.3173076923076923
0 0.7307692307692307 0.17908653846153846 0.04326923076923077 0.057692307692307696
0 0.7848557692307693 0.14182692307692307 0.09375 0.12980769230769232
0 0.8004807692307693 0.2668269230769231 0.07692307692307693 0.10817307692307693
0 0.9086538461538461 0.4519230769230769 0.1778846153846154 0.22115384615384615
0 0.8605769230769231 0.13581730769230768 0.07451923076923077 0.0625
0 0.9098557692307693 0.2704326923076923 0.07451923076923077 0.10817307692307693
0 0.9338942307692307 0.18269230769230768 0.052884615384615384 0.09134615384615384
0 0.9555288461538461 0.3269230769230769 0.08653846153846154 0.25721153846153844
0 0.9579326923076923 0.12860576923076922 0.08173076923076923 0.07932692307692307
0 0.9783653846153846 0.18389423076923078 0.038461538461538464 0.052884615384615384