0 0.8365384615384616 0.7007211538461539 0.25721153846153844 0.5769230769230769
0 0.078125 0.7463942307692307 0.13701923076923078 0.5024038461538461
0 0.1814903846153846 0.7716346153846154 0.08413461538461539 0.4519230769230769
0 0.30288461538461536 0.7295673076923077 0.14423076923076922 0.5360576923076923
0 0.4326923076923077 0.7680288461538461 0.1346153846153846 0.45913461538461536
0 0.5793269230769231 0.7548076923076923 0.18990384615384615 0.4879807692307692
0 0.5360576923076923 0.6370192307692307 0.09134615384615384 0.21875
0 0.6418269230769231 0.5721153846153846 0.06009615384615385 0.18269230769230768
0 0.7163461538461539 0.6213942307692307 0.057692307692307696 0.16346153846153846
0 0.7512019230769231 0.5949519230769231 0.028846153846153848 0.11298076923076923
0 0.9663461538461539 0.6899038461538461 0.052884615384615384 0.08413461538461539
0 0.9831730769230769 0.6790865384615384 0.03125 0.07932692307692307