0 0.04567307692307692 0.5564903846153846 0.09134615384615384 0.53125
0 0.04567307692307692 0.6730769230769231 0.09134615384615384 0.4230769230769231
0 0.20793269230769232 0.5757211538461539 0.2692307692307692 0.6490384615384616
0 0.18629807692307693 0.6622596153846154 0.1875 0.43509615384615385
0 0.33413461538461536 0.5877403846153846 0.1466346153846154 0.6129807692307693
0 0.3233173076923077 0.6117788461538461 0.1201923076923077 0.5264423076923077
0 0.43509615384615385 0.6177884615384616 0.07692307692307693 0.5096153846153846
0 0.5144230769230769 0.578125 0.19471153846153846 0.6298076923076923
0 0.5721153846153846 0.6802884615384616 0.09134615384615384 0.37259615384615385
0 0.6538461538461539 0.5625 0.22596153846153846 0.6610576923076923
0 0.7115384615384616 0.6478365384615384 0.07451923076923077 0.41346153846153844
0 0.8004807692307693 0.5913461538461539 0.18990384615384615 0.5793269230769231
0 0.8737980769230769 0.5733173076923077 0.13701923076923078 0.6033653846153846
0 0.953125 0.5973557692307693 0.0889423076923077 0.5408653846153846