0 0.16947115384615385 0.2127403846153846 0.23317307692307693 0.2692307692307692
0 0.24278846153846154 0.31971153846153844 0.14423076923076922 0.2644230769230769
0 0.4050480769230769 0.24879807692307693 0.12980769230769232 0.16346153846153846
0 0.3954326923076923 0.4026442307692308 0.10817307692307693 0.125
0 0.4543269230769231 0.7055288461538461 0.10576923076923077 0.34615384615384615
0 0.5276442307692307 0.42427884615384615 0.10336538461538461 0.16346153846153846
0 0.5384615384615384 0.25961538461538464 0.10576923076923077 0.16105769230769232
0 0.6213942307692307 0.7451923076923077 0.18028846153846154 0.37740384615384615
0 0.6850961538461539 0.3088942307692308 0.1201923076923077 0.2956730769230769
0 0.7824519230769231 0.7151442307692307 0.27163461538461536 0.3245192307692308
0 0.8810096153846154 0.36778846153846156 0.23076923076923078 0.31971153846153844