0 0.015625 0.921875 0.03125 0.15144230769230768
0 0.026442307692307692 0.8737980769230769 0.028846153846153848 0.08653846153846154
0 0.07572115384615384 0.8581730769230769 0.019230769230769232 0.07932692307692307
0 0.13701923076923078 0.9423076923076923 0.07692307692307693 0.11057692307692307
0 0.21634615384615385 0.8665865384615384 0.028846153846153848 0.08413461538461539
0 0.2608173076923077 0.8581730769230769 0.016826923076923076 0.06490384615384616
0 0.31490384615384615 0.8665865384615384 0.026442307692307692 0.07932692307692307
0 0.34975961538461536 0.9411057692307693 0.0889423076923077 0.11298076923076923
0 0.34134615384615385 0.8653846153846154 0.02403846153846154 0.06009615384615385
0 0.35697115384615385 0.8449519230769231 0.02403846153846154 0.04326923076923077
0 0.3737980769230769 0.8834134615384616 0.040865384615384616 0.11298076923076923
0 0.4110576923076923 0.8954326923076923 0.040865384615384616 0.10336538461538461
0 0.4411057692307692 0.8413461538461539 0.014423076923076924 0.052884615384615384
0 0.453125 0.8341346153846154 0.009615384615384616 0.04326923076923077
0 0.4735576923076923 0.8305288461538461 0.016826923076923076 0.04567307692307692
0 0.4951923076923077 0.828125 0.021634615384615384 0.04807692307692308
0 0.5132211538461539 0.8461538461538461 0.019230769230769232 0.06971153846153846
0 0.5625 0.84375 0.019230769230769232 0.0625
0 0.5817307692307693 0.8461538461538461 0.019230769230769232 0.055288461538461536
0 0.6538461538461539 0.8341346153846154 0.019230769230769232 0.057692307692307696
0 0.6682692307692307 0.8269230769230769 0.021634615384615384 0.06971153846153846
0 0.8473557692307693 0.8581730769230769 0.028846153846153848 0.13942307692307693