0 0.05889423076923077 0.42427884615384615 0.06971153846153846 0.3701923076923077
0 0.10336538461538461 0.4411057692307692 0.10096153846153846 0.38461538461538464
0 0.18629807692307693 0.4170673076923077 0.09134615384615384 0.30528846153846156
0 0.23918269230769232 0.3870192307692308 0.07932692307692307 0.27163461538461536
0 0.2932692307692308 0.39302884615384615 0.06009615384615385 0.2403846153846154
0 0.359375 0.3245192307692308 0.06009615384615385 0.16105769230769232
0 0.4206730769230769 0.328125 0.040865384615384616 0.12980769230769232
0 0.47716346153846156 0.31850961538461536 0.06009615384615385 0.1658653846153846
0 0.5396634615384616 0.3269230769230769 0.06009615384615385 0.17548076923076922
0 0.6153846153846154 0.3269230769230769 0.10576923076923077 0.37259615384615385
0 0.6754807692307693 0.31490384615384615 0.03365384615384615 0.24759615384615385
0 0.7620192307692307 0.23557692307692307 0.07211538461538461 0.1346153846153846