0 0.3701923076923077 0.6117788461538461 0.055288461538461536 0.23076923076923078
0 0.007211538461538462 0.546875 0.014423076923076924 0.06490384615384616
0 0.014423076923076924 0.5829326923076923 0.028846153846153848 0.07211538461538461
0 0.021634615384615384 0.5685096153846154 0.019230769230769232 0.08173076923076923
0 0.0673076923076923 0.5901442307692307 0.04326923076923077 0.15865384615384615
0 0.08413461538461539 0.6021634615384616 0.05048076923076923 0.16826923076923078
0 0.1778846153846154 0.5961538461538461 0.03365384615384615 0.16826923076923078
0 0.20673076923076922 0.6394230769230769 0.08173076923076923 0.20432692307692307
0 0.19951923076923078 0.5853365384615384 0.02403846153846154 0.11778846153846154
0 0.23557692307692307 0.5865384615384616 0.02403846153846154 0.1466346153846154
0 0.2764423076923077 0.5949519230769231 0.014423076923076924 0.12740384615384615
0 0.2956730769230769 0.5901442307692307 0.040865384615384616 0.1466346153846154
0 0.31490384615384615 0.5841346153846154 0.028846153846153848 0.13221153846153846
0 0.5372596153846154 0.6165865384615384 0.40384615384615385 0.22596153846153846