0 0.4987980769230769 0.8569711538461539 0.9975961538461539 0.15144230769230768
0 0.019230769230769232 0.7151442307692307 0.026442307692307692 0.038461538461538464
0 0.05048076923076923 0.7223557692307693 0.021634615384615384 0.021634615384615384
0 0.07451923076923077 0.6021634615384616 0.016826923076923076 0.06490384615384616
0 0.09495192307692307 0.7127403846153846 0.04567307692307692 0.05048076923076923
0 0.22596153846153846 0.21153846153846154 0.04567307692307692 0.09375
0 0.25721153846153844 0.0889423076923077 0.04567307692307692 0.13942307692307693
0 0.2512019230769231 0.7115384615384616 0.021634615384615384 0.055288461538461536
0 0.2704326923076923 0.1935096153846154 0.038461538461538464 0.036057692307692304
0 0.4735576923076923 0.7283653846153846 0.07451923076923077 0.036057692307692304
0 0.6358173076923077 0.7295673076923077 0.08173076923076923 0.08413461538461539
0 0.7752403846153846 0.6887019230769231 0.06971153846153846 0.15384615384615385