0 0.15625 0.5132211538461539 0.07211538461538461 0.29086538461538464
0 0.18028846153846154 0.5180288461538461 0.0673076923076923 0.22115384615384615
0 0.24158653846153846 0.49759615384615385 0.0673076923076923 0.22355769230769232
0 0.29447115384615385 0.39903846153846156 0.06971153846153846 0.09615384615384616
0 0.41947115384615385 0.5180288461538461 0.09615384615384616 0.2692307692307692
0 0.5012019230769231 0.5252403846153846 0.06971153846153846 0.2668269230769231
0 0.5252403846153846 0.3870192307692308 0.052884615384615384 0.11298076923076923
0 0.7439903846153846 0.39302884615384615 0.07451923076923077 0.12259615384615384
0 0.8137019230769231 0.38341346153846156 0.04326923076923077 0.09134615384615384
0 0.875 0.5769230769230769 0.10096153846153846 0.3389423076923077
0 0.9663461538461539 0.59375 0.0625 0.37259615384615385