0 0.24158653846153846 0.7007211538461539 0.014423076923076924 0.07692307692307693
0 0.24759615384615385 0.5180288461538461 0.026442307692307692 0.12259615384615384
0 0.27283653846153844 0.4987980769230769 0.05048076923076923 0.21153846153846154
0 0.2608173076923077 0.6923076923076923 0.019230769230769232 0.08413461538461539
0 0.26322115384615385 0.4579326923076923 0.021634615384615384 0.08653846153846154
0 0.28846153846153844 0.24879807692307693 0.0673076923076923 0.18990384615384615
0 0.2692307692307692 0.7067307692307693 0.021634615384615384 0.06971153846153846
0 0.2932692307692308 0.5216346153846154 0.02403846153846154 0.16346153846153846
0 0.30408653846153844 0.7295673076923077 0.028846153846153848 0.1658653846153846
0 0.328125 0.7379807692307693 0.02403846153846154 0.1346153846153846
0 0.36177884615384615 0.22115384615384615 0.09134615384615384 0.18269230769230768
0 0.3329326923076923 0.5480769230769231 0.03365384615384615 0.15865384615384615
0 0.3389423076923077 0.3317307692307692 0.021634615384615384 0.07692307692307693
0 0.35336538461538464 0.5072115384615384 0.03365384615384615 0.19471153846153846
0 0.35096153846153844 0.7427884615384616 0.021634615384615384 0.13942307692307693
0 0.359375 0.33533653846153844 0.03125 0.07451923076923077
0 0.3641826923076923 0.5793269230769231 0.021634615384615384 0.12259615384615384
0 0.3870192307692308 0.7824519230769231 0.052884615384615384 0.23557692307692307
0 0.41346153846153844 0.7992788461538461 0.05048076923076923 0.2283653846153846
0 0.4266826923076923 0.35336538461538464 0.07451923076923077 0.13701923076923078
0 0.4891826923076923 0.5480769230769231 0.038461538461538464 0.16826923076923078
0 0.5036057692307693 0.25841346153846156 0.0673076923076923 0.19471153846153846
0 0.5024038461538461 0.8257211538461539 0.040865384615384616 0.1658653846153846
0 0.5216346153846154 0.5564903846153846 0.038461538461538464 0.18990384615384615
0 0.5396634615384616 0.9014423076923077 0.038461538461538464 0.0889423076923077
0 0.5408653846153846 0.25841346153846156 0.04326923076923077 0.1971153846153846
0 0.5504807692307693 0.8341346153846154 0.055288461538461536 0.16826923076923078
0 0.5769230769230769 0.8413461538461539 0.06971153846153846 0.1346153846153846
0 0.5865384615384616 0.6069711538461539 0.08653846153846154 0.21634615384615385
0 0.5865384615384616 0.3016826923076923 0.06490384615384616 0.20432692307692307
0 0.6274038461538461 0.28365384615384615 0.04326923076923077 0.23076923076923078
0 0.6382211538461539 0.3112980769230769 0.028846153846153848 0.20673076923076922
0 0.6586538461538461 0.5480769230769231 0.019230769230769232 0.055288461538461536
0 0.6971153846153846 0.9110576923076923 0.08653846153846154 0.17307692307692307
0 0.6826923076923077 0.5564903846153846 0.02403846153846154 0.0625
0 0.7115384615384616 0.3245192307692308 0.07451923076923077 0.1875
0 0.7091346153846154 0.5637019230769231 0.02403846153846154 0.06009615384615385
0 0.7391826923076923 0.9122596153846154 0.07932692307692307 0.16346153846153846
0 0.7608173076923077 0.6394230769230769 0.06009615384615385 0.10576923076923077
0 0.7788461538461539 0.2956730769230769 0.05048076923076923 0.14182692307692307
0 0.7908653846153846 0.6959134615384616 0.0673076923076923 0.1875
0 0.7788461538461539 0.5877403846153846 0.040865384615384616 0.09615384615384616
0 0.8137019230769231 0.3004807692307692 0.09615384615384616 0.15865384615384615
0 0.8221153846153846 0.6802884615384616 0.05048076923076923 0.2403846153846154
0 0.8581730769230769 0.3076923076923077 0.05048076923076923 0.15384615384615385