0 0.013221153846153846 0.6213942307692307 0.026442307692307692 0.16105769230769232
0 0.07211538461538461 0.6165865384615384 0.10096153846153846 0.1658653846153846
0 0.04567307692307692 0.6370192307692307 0.04567307692307692 0.20432692307692307
0 0.09375 0.6334134615384616 0.04807692307692308 0.19951923076923078
0 0.15985576923076922 0.59375 0.028846153846153848 0.10096153846153846
0 0.22235576923076922 0.6466346153846154 0.06009615384615385 0.22596153846153846
0 0.265625 0.6814903846153846 0.052884615384615384 0.25721153846153844
0 0.2848557692307692 0.6165865384615384 0.03365384615384615 0.1466346153846154
0 0.3076923076923077 0.6237980769230769 0.028846153846153848 0.12740384615384615
0 0.3329326923076923 0.5925480769230769 0.019230769230769232 0.09375
0 0.3557692307692308 0.5612980769230769 0.014423076923076924 0.05048076923076923
0 0.3786057692307692 0.59375 0.026442307692307692 0.0889423076923077
0 0.39302884615384615 0.6177884615384616 0.03365384615384615 0.09134615384615384
0 0.40625 0.5516826923076923 0.009615384615384616 0.03125
0 0.4230769230769231 0.6177884615384616 0.026442307692307692 0.14182692307692307
0 0.4362980769230769 0.609375 0.02403846153846154 0.15144230769230768
0 0.4495192307692308 0.5709134615384616 0.01201923076923077 0.06490384615384616
0 0.47475961538461536 0.6298076923076923 0.02403846153846154 0.1778846153846154
0 0.5144230769230769 0.625 0.040865384615384616 0.18269230769230768
0 0.5420673076923077 0.5829326923076923 0.01201923076923077 0.040865384615384616
0 0.6153846153846154 0.6117788461538461 0.03365384615384615 0.16826923076923078
0 0.6274038461538461 0.6153846153846154 0.01201923076923077 0.04326923076923077
0 0.6466346153846154 0.5985576923076923 0.05048076923076923 0.11057692307692307
0 0.6466346153846154 0.5661057692307693 0.019230769230769232 0.057692307692307696
0 0.6862980769230769 0.5625 0.02403846153846154 0.05048076923076923
0 0.7235576923076923 0.6442307692307693 0.05048076923076923 0.2692307692307692
0 0.7259615384615384 0.6298076923076923 0.04567307692307692 0.23317307692307693
0 0.7716346153846154 0.5733173076923077 0.04567307692307692 0.08413461538461539
0 0.8377403846153846 0.5985576923076923 0.052884615384615384 0.12740384615384615
0 0.8737980769230769 0.5961538461538461 0.014423076923076924 0.04326923076923077