0 0.13822115384615385 0.8557692307692307 0.04807692307692308 0.22596153846153846
0 0.014423076923076924 0.45552884615384615 0.028846153846153848 0.055288461538461536
0 0.014423076923076924 0.6574519230769231 0.028846153846153848 0.11298076923076923
0 0.015625 0.484375 0.03125 0.05048076923076923
0 0.030048076923076924 0.6742788461538461 0.05048076923076923 0.09615384615384616
0 0.055288461538461536 0.6117788461538461 0.038461538461538464 0.06009615384615385
0 0.06129807692307692 0.7259615384615384 0.04807692307692308 0.08173076923076923
0 0.09615384615384616 0.4567307692307692 0.07932692307692307 0.10817307692307693
0 0.07451923076923077 0.3581730769230769 0.026442307692307692 0.055288461538461536
0 0.0889423076923077 0.6995192307692307 0.040865384615384616 0.055288461538461536
0 0.09735576923076923 0.65625 0.04326923076923077 0.0673076923076923
0 0.09735576923076923 0.24639423076923078 0.02403846153846154 0.09615384615384616
0 0.2704326923076923 0.6370192307692307 0.36538461538461536 0.2403846153846154
0 0.13701923076923078 0.7367788461538461 0.04326923076923077 0.07211538461538461
0 0.1346153846153846 0.24639423076923078 0.021634615384615384 0.0673076923076923
0 0.13942307692307693 0.4855769230769231 0.021634615384615384 0.055288461538461536
0 0.15144230769230768 0.6622596153846154 0.036057692307692304 0.0985576923076923
0 0.1658653846153846 0.5228365384615384 0.055288461538461536 0.10576923076923077
0 0.1778846153846154 0.46634615384615385 0.040865384615384616 0.0985576923076923
0 0.19110576923076922 0.7151442307692307 0.057692307692307696 0.07692307692307693
0 0.18990384615384615 0.8076923076923077 0.04326923076923077 0.13942307692307693
0 0.19951923076923078 0.45072115384615385 0.052884615384615384 0.10096153846153846
0 0.2283653846153846 0.7824519230769231 0.05048076923076923 0.14423076923076922
0 0.2800480769230769 0.4326923076923077 0.13701923076923078 0.11538461538461539
0 0.24278846153846154 0.1875 0.02403846153846154 0.07451923076923077
0 0.2512019230769231 0.32091346153846156 0.02403846153846154 0.10336538461538461
0 0.27403846153846156 0.7752403846153846 0.05048076923076923 0.12740384615384615
0 0.25961538461538464 0.18389423076923078 0.014423076923076924 0.07932692307692307
0 0.27163461538461536 0.2956730769230769 0.02403846153846154 0.08413461538461539
0 0.36899038461538464 0.24158653846153846 0.02403846153846154 0.09615384615384616
0 0.39783653846153844 0.4230769230769231 0.07211538461538461 0.18269230769230768
0 0.41586538461538464 0.5576923076923077 0.028846153846153848 0.052884615384615384
0 0.453125 0.5625 0.028846153846153848 0.052884615384615384
0 0.4831730769230769 0.4495192307692308 0.026442307692307692 0.0625
0 0.4855769230769231 0.5612980769230769 0.026442307692307692 0.05048076923076923
0 0.5180288461538461 0.41947115384615385 0.028846153846153848 0.10336538461538461
0 0.5276442307692307 0.5769230769230769 0.019230769230769232 0.038461538461538464
0 0.5540865384615384 0.6033653846153846 0.028846153846153848 0.038461538461538464
0 0.5901442307692307 0.6081730769230769 0.04567307692307692 0.07451923076923077
0 0.6009615384615384 0.5576923076923077 0.03125 0.055288461538461536
0 0.6778846153846154 0.6117788461538461 0.13701923076923078 0.3076923076923077
0 0.6790865384615384 0.4266826923076923 0.12980769230769232 0.13942307692307693
0 0.6274038461538461 0.2608173076923077 0.02403846153846154 0.052884615384615384
0 0.6514423076923077 0.33774038461538464 0.026442307692307692 0.10336538461538461
0 0.6814903846153846 0.71875 0.057692307692307696 0.18509615384615385
0 0.6838942307692307 0.2644230769230769 0.02403846153846154 0.055288461538461536
0 0.7908653846153846 0.7199519230769231 0.13701923076923078 0.25721153846153844
0 0.7992788461538461 0.484375 0.11778846153846154 0.2403846153846154
0 0.7992788461538461 0.3161057692307692 0.026442307692307692 0.11298076923076923
0 0.8233173076923077 0.32572115384615385 0.021634615384615384 0.07451923076923077
0 0.8629807692307693 0.6334134615384616 0.04326923076923077 0.09375
0 0.8858173076923077 0.7235576923076923 0.055288461538461536 0.13701923076923078
0 0.8737980769230769 0.3449519230769231 0.02403846153846154 0.08413461538461539
0 0.9194711538461539 0.5516826923076923 0.07451923076923077 0.18269230769230768
0 0.9326923076923077 0.6802884615384616 0.04567307692307692 0.15384615384615385
0 0.9483173076923077 0.609375 0.02403846153846154 0.0625
0 0.9699519230769231 0.625 0.040865384615384616 0.10096153846153846
0 0.9819711538461539 0.5036057692307693 0.03365384615384615 0.055288461538461536
0 0.9807692307692307 0.5985576923076923 0.02403846153846154 0.057692307692307696
0 0.9855769230769231 0.47596153846153844 0.021634615384615384 0.03125