0 0.04326923076923077 0.8822115384615384 0.08653846153846154 0.23076923076923078
0 0.051682692307692304 0.8040865384615384 0.08413461538461539 0.2620192307692308
0 0.08413461538461539 0.7475961538461539 0.11778846153846154 0.23076923076923078
0 0.12259615384615384 0.7079326923076923 0.02403846153846154 0.125
0 0.19110576923076922 0.7163461538461539 0.11298076923076923 0.17307692307692307
0 0.20552884615384615 0.6646634615384616 0.06009615384615385 0.11298076923076923
0 0.21514423076923078 0.6201923076923077 0.04326923076923077 0.09134615384615384
0 0.2848557692307692 0.5961538461538461 0.02403846153846154 0.057692307692307696
0 0.3473557692307692 0.6430288461538461 0.03365384615384615 0.13701923076923078
0 0.39783653846153844 0.6346153846153846 0.019230769230769232 0.12740384615384615
0 0.44471153846153844 0.6370192307692307 0.038461538461538464 0.10576923076923077
0 0.5036057692307693 0.6286057692307693 0.03365384615384615 0.12740384615384615
0 0.5625 0.6237980769230769 0.016826923076923076 0.12740384615384615
0 0.6274038461538461 0.6225961538461539 0.04326923076923077 0.0889423076923077
0 0.6454326923076923 0.6346153846153846 0.03125 0.10336538461538461
0 0.6730769230769231 0.609375 0.028846153846153848 0.11298076923076923
0 0.7043269230769231 0.6225961538461539 0.040865384615384616 0.07451923076923077
0 0.7211538461538461 0.6334134615384616 0.07211538461538461 0.11298076923076923
0 0.7608173076923077 0.6466346153846154 0.05048076923076923 0.09615384615384616
0 0.8329326923076923 0.6634615384615384 0.06490384615384616 0.08653846153846154
0 0.90625 0.6754807692307693 0.057692307692307696 0.125
0 0.9471153846153846 0.6646634615384616 0.038461538461538464 0.12259615384615384
0 0.9699519230769231 0.7055288461538461 0.057692307692307696 0.15384615384615385