0 0.1346153846153846 0.8064903846153846 0.2692307692307692 0.38461538461538464
0 0.07932692307692307 0.4651442307692308 0.11778846153846154 0.15144230769230768
0 0.2824519230769231 0.7199519230769231 0.34375 0.5552884615384616
0 0.29927884615384615 0.4170673076923077 0.21394230769230768 0.07211538461538461
0 0.4951923076923077 0.6670673076923077 0.16346153846153846 0.3894230769230769
0 0.7295673076923077 0.7512019230769231 0.5360576923076923 0.49278846153846156
0 0.5336538461538461 0.40384615384615385 0.09615384615384616 0.10817307692307693
0 0.5757211538461539 0.5805288461538461 0.10576923076923077 0.2283653846153846
0 0.6213942307692307 0.40384615384615385 0.0889423076923077 0.10817307692307693
0 0.7283653846153846 0.44471153846153844 0.21875 0.16346153846153846
0 0.6995192307692307 0.38822115384615385 0.10576923076923077 0.12259615384615384
0 0.7764423076923077 0.3942307692307692 0.08173076923076923 0.12259615384615384
0 0.9362980769230769 0.44591346153846156 0.12259615384615384 0.16105769230769232