0 0.08173076923076923 0.8497596153846154 0.16346153846153846 0.2956730769230769
0 0.06129807692307692 0.546875 0.11778846153846154 0.25721153846153844
0 0.3293269230769231 0.8942307692307693 0.1971153846153846 0.20432692307692307
0 0.28966346153846156 0.5745192307692307 0.057692307692307696 0.08413461538461539
0 0.4795673076923077 0.90625 0.11057692307692307 0.18509615384615385
0 0.5264423076923077 0.5540865384615384 0.1346153846153846 0.3293269230769231
0 0.5877403846153846 0.8365384615384616 0.16105769230769232 0.3245192307692308
0 0.6382211538461539 0.5600961538461539 0.09615384615384616 0.11778846153846154
0 0.71875 0.828125 0.1778846153846154 0.34134615384615385
0 0.8449519230769231 0.8269230769230769 0.14903846153846154 0.34375
0 0.8617788461538461 0.6021634615384616 0.0673076923076923 0.10336538461538461
0 0.9423076923076923 0.8533653846153846 0.11057692307692307 0.28846153846153844