0 0.7932692307692307 0.5120192307692307 0.08173076923076923 0.37740384615384615
0 0.22956730769230768 0.9146634615384616 0.45913461538461536 0.1658653846153846
0 0.32572115384615385 0.7932692307692307 0.1201923076923077 0.16105769230769232
0 0.49038461538461536 0.8425480769230769 0.15144230769230768 0.22115384615384615
0 0.4495192307692308 0.7848557692307693 0.036057692307692304 0.07692307692307693
0 0.4855769230769231 0.4855769230769231 0.08653846153846154 0.3870192307692308
0 0.6658653846153846 0.8149038461538461 0.10576923076923077 0.17548076923076922
0 0.7103365384615384 0.9567307692307693 0.10336538461538461 0.08173076923076923
0 0.7427884615384616 0.9110576923076923 0.0985576923076923 0.17548076923076922
0 0.8112980769230769 0.7680288461538461 0.06490384615384616 0.12259615384615384
0 0.8473557692307693 0.7800480769230769 0.0889423076923077 0.16105769230769232
0 0.9050480769230769 0.8305288461538461 0.08173076923076923 0.125
0 0.9098557692307693 0.4831730769230769 0.052884615384615384 0.3269230769230769
0 0.9411057692307693 0.9158653846153846 0.11298076923076923 0.16346153846153846
0 0.9771634615384616 0.7848557692307693 0.040865384615384616 0.11298076923076923