0 0.14903846153846154 0.6658653846153846 0.0673076923076923 0.25240384615384615
0 0.18629807692307693 0.5961538461538461 0.026442307692307692 0.11778846153846154
0 0.2800480769230769 0.6129807692307693 0.04807692307692308 0.16346153846153846
0 0.3161057692307692 0.6045673076923077 0.040865384615384616 0.14903846153846154
0 0.34975961538461536 0.6682692307692307 0.06971153846153846 0.12259615384615384
0 0.37740384615384615 0.6959134615384616 0.10336538461538461 0.13942307692307693
0 0.4254807692307692 0.6502403846153846 0.05048076923076923 0.20432692307692307
0 0.484375 0.5805288461538461 0.016826923076923076 0.028846153846153848
0 0.5036057692307693 0.6033653846153846 0.03365384615384615 0.0673076923076923
0 0.5228365384615384 0.6045673076923077 0.028846153846153848 0.0673076923076923
0 0.5324519230769231 0.5721153846153846 0.040865384615384616 0.03365384615384615
0 0.59375 0.5961538461538461 0.04807692307692308 0.10336538461538461
0 0.6201923076923077 0.6370192307692307 0.04567307692307692 0.17307692307692307
0 0.640625 0.6153846153846154 0.021634615384615384 0.10336538461538461
0 0.6538461538461539 0.6165865384615384 0.01201923076923077 0.09615384615384616
0 0.6694711538461539 0.625 0.03365384615384615 0.11057692307692307
0 0.6706730769230769 0.5649038461538461 0.01201923076923077 0.019230769230769232
0 0.6838942307692307 0.6117788461538461 0.02403846153846154 0.09615384615384616
0 0.7259615384615384 0.6346153846153846 0.026442307692307692 0.09615384615384616
0 0.8209134615384616 0.5793269230769231 0.021634615384615384 0.06490384615384616
0 0.8413461538461539 0.5973557692307693 0.055288461538461536 0.10096153846153846