0 0.19230769230769232 0.6574519230769231 0.38461538461538464 0.23317307692307693
0 0.3004807692307692 0.7596153846153846 0.0625 0.32211538461538464
0 0.31009615384615385 0.7415865384615384 0.05048076923076923 0.2860576923076923
0 0.4050480769230769 0.6995192307692307 0.08173076923076923 0.30528846153846156
0 0.5108173076923077 0.7055288461538461 0.055288461538461536 0.22596153846153846
0 0.5841346153846154 0.6346153846153846 0.08173076923076923 0.07692307692307693
0 0.5745192307692307 0.7115384615384616 0.06009615384615385 0.21875
0 0.6574519230769231 0.734375 0.11298076923076923 0.33413461538461536
0 0.7259615384615384 0.7920673076923077 0.07451923076923077 0.41346153846153844
0 0.828125 0.7848557692307693 0.09134615384615384 0.36778846153846156
0 0.8569711538461539 0.7367788461538461 0.055288461538461536 0.34615384615384615
0 0.9350961538461539 0.6526442307692307 0.1201923076923077 0.10576923076923077