0 0.2127403846153846 0.6766826923076923 0.057692307692307696 0.49038461538461536
0 0.046875 0.7043269230769231 0.07211538461538461 0.47836538461538464
0 0.13581730769230768 0.7043269230769231 0.057692307692307696 0.44471153846153844
0 0.34975961538461536 0.6370192307692307 0.07451923076923077 0.49759615384615385
0 0.4387019230769231 0.6057692307692307 0.040865384615384616 0.5120192307692307
0 0.5348557692307693 0.5841346153846154 0.052884615384615384 0.49759615384615385
0 0.6117788461538461 0.5709134615384616 0.057692307692307696 0.5120192307692307
0 0.6838942307692307 0.5757211538461539 0.0625 0.44711538461538464
0 0.7836538461538461 0.5456730769230769 0.06490384615384616 0.46634615384615385
0 0.8449519230769231 0.53125 0.057692307692307696 0.46875
0 0.9242788461538461 0.5348557692307693 0.07211538461538461 0.4110576923076923