0 0.5264423076923077 0.4495192307692308 0.21634615384615385 0.40865384615384615
0 0.14543269230769232 0.47475961538461536 0.055288461538461536 0.0625
0 0.14543269230769232 0.5216346153846154 0.055288461538461536 0.12259615384615384
0 0.22235576923076922 0.5444711538461539 0.06971153846153846 0.08413461538461539
0 0.25721153846153844 0.5408653846153846 0.040865384615384616 0.08413461538461539
0 0.2608173076923077 0.49038461538461536 0.04807692307692308 0.057692307692307696
0 0.27283653846153844 0.5444711538461539 0.05048076923076923 0.07692307692307693
0 0.3125 0.5192307692307693 0.07451923076923077 0.11778846153846154
0 0.6057692307692307 0.4987980769230769 0.040865384615384616 0.07211538461538461
0 0.7067307692307693 0.5120192307692307 0.057692307692307696 0.11778846153846154
0 0.8016826923076923 0.5084134615384616 0.05048076923076923 0.125
0 0.9579326923076923 0.4987980769230769 0.03125 0.04807692307692308