0 0.018028846153846152 0.2127403846153846 0.036057692307692304 0.29086538461538464
0 0.05889423076923077 0.25240384615384615 0.09134615384615384 0.35096153846153844
0 0.14182692307692307 0.10697115384615384 0.057692307692307696 0.125
0 0.2692307692307692 0.08533653846153846 0.040865384615384616 0.052884615384615384
0 0.3557692307692308 0.09615384615384616 0.028846153846153848 0.028846153846153848
0 0.43149038461538464 0.23798076923076922 0.07451923076923077 0.09615384615384616
0 0.5661057692307693 0.14182692307692307 0.06009615384615385 0.12259615384615384
0 0.6262019230769231 0.14423076923076922 0.040865384615384616 0.09375
0 0.6766826923076923 0.18629807692307693 0.07692307692307693 0.25240384615384615
0 0.6502403846153846 0.13341346153846154 0.01201923076923077 0.07211538461538461
0 0.7680288461538461 0.2091346153846154 0.0985576923076923 0.3269230769230769
0 0.8353365384615384 0.20072115384615385 0.040865384615384616 0.14182692307692307
0 0.9182692307692307 0.3245192307692308 0.15865384615384615 0.6490384615384616