0 0.8401442307692307 0.6165865384615384 0.13221153846153846 0.27163461538461536
0 0.13942307692307693 0.9639423076923077 0.03365384615384615 0.0673076923076923
0 0.20192307692307693 0.8689903846153846 0.026442307692307692 0.11538461538461539
0 0.23317307692307693 0.8641826923076923 0.02403846153846154 0.125
0 0.26802884615384615 0.8641826923076923 0.021634615384615384 0.09134615384615384
0 0.3076923076923077 0.8713942307692307 0.03365384615384615 0.11538461538461539
0 0.3449519230769231 0.8293269230769231 0.01201923076923077 0.028846153846153848
0 0.40625 0.8725961538461539 0.038461538461538464 0.10817307692307693
0 0.59375 0.9831730769230769 0.028846153846153848 0.03125
0 0.6069711538461539 0.9639423076923077 0.03125 0.0673076923076923
0 0.8197115384615384 0.9615384615384616 0.040865384615384616 0.07451923076923077
0 0.9507211538461539 0.9651442307692307 0.021634615384615384 0.03365384615384615