0 0.3942307692307692 0.5084134615384616 0.04807692307692308 0.21634615384615385
0 0.5661057692307693 0.6322115384615384 0.040865384615384616 0.19951923076923078
0 0.59375 0.6370192307692307 0.03365384615384615 0.2403846153846154
0 0.6382211538461539 0.625 0.03365384615384615 0.20192307692307693
0 0.6694711538461539 0.6322115384615384 0.04807692307692308 0.21875
0 0.7283653846153846 0.6694711538461539 0.055288461538461536 0.2283653846153846
0 0.7704326923076923 0.6526442307692307 0.038461538461538464 0.25721153846153844
0 0.8245192307692307 0.6646634615384616 0.05048076923076923 0.2644230769230769
0 0.875 0.6682692307692307 0.03365384615384615 0.25721153846153844
0 0.9254807692307693 0.6790865384615384 0.038461538461538464 0.2668269230769231
0 0.9723557692307693 0.6742788461538461 0.03365384615384615 0.25240384615384615