0 0.10697115384615384 0.19110576923076922 0.02403846153846154 0.0889423076923077
0 0.16706730769230768 0.07572115384615384 0.04807692307692308 0.08653846153846154
0 0.16826923076923078 0.5216346153846154 0.03125 0.08653846153846154
0 0.1875 0.5216346153846154 0.026442307692307692 0.09615384615384616
0 0.23076923076923078 0.5168269230769231 0.06009615384615385 0.10096153846153846
0 0.23076923076923078 0.39903846153846156 0.04807692307692308 0.07451923076923077
0 0.23557692307692307 0.6237980769230769 0.052884615384615384 0.09615384615384616
0 0.24519230769230768 0.7331730769230769 0.038461538461538464 0.09134615384615384
0 0.27524038461538464 0.53125 0.019230769230769232 0.08173076923076923
0 0.2920673076923077 0.06850961538461539 0.05048076923076923 0.10576923076923077
0 0.28966346153846156 0.734375 0.038461538461538464 0.0889423076923077
0 0.29447115384615385 0.5252403846153846 0.040865384615384616 0.08653846153846154
0 0.29927884615384615 0.9399038461538461 0.040865384615384616 0.09615384615384616
0 0.3137019230769231 0.7355769230769231 0.021634615384615384 0.08653846153846154
0 0.31850961538461536 0.9411057692307693 0.016826923076923076 0.06490384615384616
0 0.3581730769230769 0.30288461538461536 0.04807692307692308 0.11057692307692307
0 0.3605769230769231 0.9399038461538461 0.05048076923076923 0.09615384615384616
0 0.35096153846153844 0.41466346153846156 0.02403846153846154 0.09134615384615384
0 0.3641826923076923 0.4170673076923077 0.04326923076923077 0.10096153846153846
0 0.4110576923076923 0.4098557692307692 0.05048076923076923 0.09615384615384616
0 0.40384615384615385 0.2848557692307692 0.03125 0.06009615384615385
0 0.4110576923076923 0.17668269230769232 0.038461538461538464 0.07692307692307693
0 0.4230769230769231 0.08052884615384616 0.04326923076923077 0.09134615384615384
0 0.4230769230769231 0.7427884615384616 0.026442307692307692 0.08173076923076923
0 0.4338942307692308 0.046875 0.026442307692307692 0.057692307692307696
0 0.43509615384615385 0.22115384615384615 0.019230769230769232 0.040865384615384616
0 0.4795673076923077 0.09615384615384616 0.06009615384615385 0.0625
0 0.46153846153846156 0.7355769230769231 0.019230769230769232 0.08173076923076923
0 0.5324519230769231 0.9411057692307693 0.052884615384615384 0.09134615384615384
0 0.5384615384615384 0.5324519230769231 0.06009615384615385 0.08173076923076923
0 0.5288461538461539 0.20793269230769232 0.03125 0.06009615384615385
0 0.5240384615384616 0.08173076923076923 0.021634615384615384 0.07692307692307693
0 0.5492788461538461 0.078125 0.052884615384615384 0.0985576923076923
0 0.5552884615384616 0.20192307692307693 0.028846153846153848 0.07692307692307693
0 0.5985576923076923 0.5240384615384616 0.057692307692307696 0.09375
0 0.5805288461538461 0.41947115384615385 0.014423076923076924 0.09615384615384616
0 0.5985576923076923 0.28725961538461536 0.05048076923076923 0.0673076923076923
0 0.5877403846153846 0.1971153846153846 0.021634615384615384 0.08653846153846154
0 0.5901442307692307 0.08173076923076923 0.026442307692307692 0.09375
0 0.59375 0.6201923076923077 0.036057692307692304 0.08173076923076923
0 0.5985576923076923 0.8521634615384616 0.02403846153846154 0.06490384615384616
0 0.6117788461538461 0.203125 0.038461538461538464 0.07451923076923077
0 0.6117788461538461 0.6370192307692307 0.03125 0.09615384615384616
0 0.6526442307692307 0.7512019230769231 0.05048076923076923 0.06971153846153846
0 0.6394230769230769 0.7211538461538461 0.019230769230769232 0.04807692307692308
0 0.6586538461538461 0.6358173076923077 0.055288461538461536 0.09134615384615384
0 0.6490384615384616 0.53125 0.03125 0.08173076923076923
0 0.6454326923076923 0.31850961538461536 0.016826923076923076 0.08653846153846154
0 0.6598557692307693 0.2127403846153846 0.03125 0.0673076923076923
0 0.6694711538461539 0.7379807692307693 0.02403846153846154 0.07451923076923077
0 0.6706730769230769 0.30649038461538464 0.02403846153846154 0.10336538461538461
0 0.6730769230769231 0.5348557692307693 0.026442307692307692 0.07932692307692307
0 0.6862980769230769 0.19831730769230768 0.021634615384615384 0.0985576923076923
0 0.7151442307692307 0.6382211538461539 0.014423076923076924 0.06971153846153846
0 0.7259615384615384 0.6394230769230769 0.01201923076923077 0.06971153846153846
0 0.7415865384615384 0.0889423076923077 0.038461538461538464 0.0985576923076923
0 0.7367788461538461 0.6286057692307693 0.019230769230769232 0.08413461538461539
0 0.7596153846153846 0.9447115384615384 0.038461538461538464 0.08413461538461539
0 0.7740384615384616 0.7487980769230769 0.04807692307692308 0.06009615384615385
0 0.7716346153846154 0.5144230769230769 0.02403846153846154 0.08173076923076923
0 0.7824519230769231 0.1045673076923077 0.026442307692307692 0.0625
0 0.7920673076923077 0.5264423076923077 0.028846153846153848 0.0985576923076923
0 0.7884615384615384 0.0889423076923077 0.021634615384615384 0.09375
0 0.84375 0.4230769230769231 0.04807692307692308 0.0985576923076923