0 0.5588942307692307 0.5805288461538461 0.06009615384615385 0.25
0 0.22596153846153846 0.6658653846153846 0.2283653846153846 0.625
0 0.20192307692307693 0.28365384615384615 0.15865384615384615 0.47115384615384615
0 0.34615384615384615 0.41466346153846156 0.036057692307692304 0.07692307692307693
0 0.3545673076923077 0.5048076923076923 0.016826923076923076 0.052884615384615384
0 0.390625 0.5360576923076923 0.036057692307692304 0.11298076923076923
0 0.3954326923076923 0.22716346153846154 0.02403846153846154 0.0625
0 0.4110576923076923 0.5600961538461539 0.026442307692307692 0.07932692307692307
0 0.44471153846153844 0.5528846153846154 0.04567307692307692 0.19471153846153846
0 0.43509615384615385 0.23798076923076922 0.016826923076923076 0.057692307692307696
0 0.46875 0.5745192307692307 0.057692307692307696 0.22115384615384615
0 0.47115384615384615 0.4338942307692308 0.04326923076923077 0.0673076923076923
0 0.5096153846153846 0.5793269230769231 0.04326923076923077 0.18990384615384615
0 0.5516826923076923 0.4807692307692308 0.014423076923076924 0.028846153846153848
0 0.6069711538461539 0.5913461538461539 0.05048076923076923 0.20192307692307693
0 0.6081730769230769 0.49399038461538464 0.016826923076923076 0.03125
0 0.6141826923076923 0.43028846153846156 0.021634615384615384 0.057692307692307696
0 0.6237980769230769 0.5360576923076923 0.028846153846153848 0.10576923076923077
0 0.6995192307692307 0.6237980769230769 0.036057692307692304 0.21634615384615385
0 0.7836538461538461 0.7319711538461539 0.06971153846153846 0.28846153846153844