0 0.8689903846153846 0.8713942307692307 0.05048076923076923 0.18990384615384615
0 0.4987980769230769 0.7692307692307693 0.9975961538461539 0.2403846153846154
0 0.0673076923076923 0.9182692307692307 0.03365384615384615 0.06971153846153846
0 0.11298076923076923 0.9771634615384616 0.03365384615384615 0.04326923076923077
0 0.12740384615384615 0.8894230769230769 0.04326923076923077 0.13221153846153846
0 0.14783653846153846 0.984375 0.016826923076923076 0.026442307692307692
0 0.19110576923076922 0.8701923076923077 0.02403846153846154 0.09615384615384616
0 0.24519230769230768 0.9543269230769231 0.04807692307692308 0.0889423076923077
0 0.29927884615384615 0.9314903846153846 0.055288461538461536 0.13221153846153846
0 0.3557692307692308 0.9086538461538461 0.0625 0.1778846153846154
0 0.4014423076923077 0.8377403846153846 0.04807692307692308 0.1466346153846154
0 0.5432692307692307 0.8954326923076923 0.04326923076923077 0.14182692307692307
0 0.5997596153846154 0.9278846153846154 0.04326923076923077 0.125
0 0.6466346153846154 0.8930288461538461 0.07692307692307693 0.1201923076923077
0 0.6742788461538461 0.9723557692307693 0.026442307692307692 0.052884615384615384
0 0.9134615384615384 0.859375 0.05048076923076923 0.21634615384615385
0 0.9735576923076923 0.8605769230769231 0.05048076923076923 0.17067307692307693