0 0.3449519230769231 0.9086538461538461 0.036057692307692304 0.11298076923076923
0 0.3954326923076923 0.9002403846153846 0.04567307692307692 0.1201923076923077
0 0.49399038461538464 0.6959134615384616 0.11778846153846154 0.07451923076923077
0 0.47475961538461536 0.8365384615384616 0.03365384615384615 0.0985576923076923
0 0.5012019230769231 0.8233173076923077 0.02403846153846154 0.10336538461538461
0 0.5408653846153846 0.8653846153846154 0.03365384615384615 0.125
0 0.578125 0.7920673076923077 0.03365384615384615 0.10096153846153846
0 0.6442307692307693 0.8305288461538461 0.04326923076923077 0.07932692307692307
0 0.6959134615384616 0.7151442307692307 0.10336538461538461 0.13221153846153846
0 0.8918269230769231 0.6201923076923077 0.0625 0.14182692307692307
0 0.8954326923076923 0.5276442307692307 0.028846153846153848 0.07932692307692307
0 0.9302884615384616 0.625 0.06490384615384616 0.11298076923076923
0 0.9338942307692307 0.6442307692307693 0.028846153846153848 0.06490384615384616