0 0.08774038461538461 0.4639423076923077 0.055288461538461536 0.23557692307692307
0 0.04326923076923077 0.44711538461538464 0.036057692307692304 0.16826923076923078
0 0.0733173076923077 0.4543269230769231 0.02403846153846154 0.1466346153846154
0 0.0733173076923077 0.14302884615384615 0.007211538461538462 0.01201923076923077
0 0.0829326923076923 0.1310096153846154 0.014423076923076924 0.02403846153846154
0 0.08653846153846154 0.15985576923076922 0.021634615384615384 0.026442307692307692
0 0.09375 0.16706730769230768 0.01201923076923077 0.021634615384615384
0 0.33533653846153844 0.3713942307692308 0.021634615384615384 0.05048076923076923
0 0.3401442307692308 0.14903846153846154 0.009615384615384616 0.03125
0 0.35336538461538464 0.3798076923076923 0.016826923076923076 0.0625
0 0.3870192307692308 0.15985576923076922 0.02403846153846154 0.019230769230769232
0 0.3942307692307692 0.35697115384615385 0.009615384615384616 0.009615384615384616
0 0.40865384615384615 0.6766826923076923 0.03365384615384615 0.08653846153846154
0 0.4230769230769231 0.35336538461538464 0.01201923076923077 0.016826923076923076
0 0.44350961538461536 0.37740384615384615 0.019230769230769232 0.055288461538461536
0 0.5709134615384616 0.3161057692307692 0.25 0.03365384615384615
0 0.4639423076923077 0.37259615384615385 0.019230769230769232 0.052884615384615384
0 0.4855769230769231 0.36899038461538464 0.021634615384615384 0.057692307692307696
0 0.5288461538461539 0.35697115384615385 0.04326923076923077 0.10336538461538461
0 0.5348557692307693 0.018028846153846152 0.019230769230769232 0.026442307692307692
0 0.5324519230769231 0.06610576923076923 0.009615384615384616 0.038461538461538464
0 0.546875 0.06610576923076923 0.016826923076923076 0.03365384615384615
0 0.5901442307692307 0.38100961538461536 0.055288461538461536 0.06490384615384616
0 0.6225961538461539 0.35697115384615385 0.019230769230769232 0.04567307692307692
0 0.6526442307692307 0.35697115384615385 0.03365384615384615 0.052884615384615384
0 0.8100961538461539 0.35336538461538464 0.24519230769230768 0.08653846153846154
0 0.8425480769230769 0.8040865384615384 0.06971153846153846 0.13942307692307693
0 0.9747596153846154 0.3401442307692308 0.04567307692307692 0.04807692307692308
0 0.9807692307692307 0.7992788461538461 0.036057692307692304 0.125