0 0.12980769230769232 0.7716346153846154 0.04807692307692308 0.13221153846153846
0 0.12139423076923077 0.7608173076923077 0.021634615384615384 0.125
0 0.1658653846153846 0.7680288461538461 0.026442307692307692 0.14182692307692307
0 0.19591346153846154 0.7824519230769231 0.05048076923076923 0.15384615384615385
0 0.2668269230769231 0.7944711538461539 0.04567307692307692 0.1658653846153846
0 0.3329326923076923 0.7716346153846154 0.0673076923076923 0.16105769230769232
0 0.3798076923076923 0.7764423076923077 0.04567307692307692 0.14423076923076922
0 0.4375 0.7752403846153846 0.036057692307692304 0.15384615384615385
0 0.4567307692307692 0.7728365384615384 0.036057692307692304 0.17548076923076922
0 0.47716346153846156 0.7800480769230769 0.038461538461538464 0.17307692307692307
0 0.5588942307692307 0.78125 0.052884615384615384 0.13701923076923078
0 0.7151442307692307 0.7884615384615384 0.028846153846153848 0.15625