0 0.026442307692307692 0.875 0.05048076923076923 0.13221153846153846
0 0.054086538461538464 0.9507211538461539 0.08173076923076923 0.09615384615384616
0 0.0985576923076923 0.8822115384615384 0.055288461538461536 0.09134615384615384
0 0.12379807692307693 0.9170673076923077 0.10336538461538461 0.16105769230769232
0 0.1935096153846154 0.8798076923076923 0.05048076923076923 0.08653846153846154
0 0.22596153846153846 0.9627403846153846 0.0985576923076923 0.07211538461538461
0 0.22956730769230768 0.8882211538461539 0.055288461538461536 0.07451923076923077
0 0.29086538461538464 0.9146634615384616 0.0673076923076923 0.10336538461538461
0 0.35096153846153844 0.9314903846153846 0.04567307692307692 0.08413461538461539
0 0.38100961538461536 0.9350961538461539 0.05048076923076923 0.07211538461538461
0 0.4014423076923077 0.875 0.04326923076923077 0.06009615384615385
0 0.44591346153846156 0.9375 0.08653846153846154 0.07692307692307693
0 0.4735576923076923 0.9615384615384616 0.040865384615384616 0.07451923076923077
0 0.5192307692307693 0.9615384615384616 0.04326923076923077 0.07451923076923077
0 0.6057692307692307 0.28725961538461536 0.20192307692307693 0.2644230769230769