0 0.06610576923076923 0.7115384615384616 0.12980769230769232 0.2620192307692308
0 0.038461538461538464 0.5925480769230769 0.04326923076923077 0.14903846153846154
0 0.28846153846153844 0.5649038461538461 0.02403846153846154 0.08413461538461539
0 0.3137019230769231 0.578125 0.026442307692307692 0.0889423076923077
0 0.33653846153846156 0.625 0.0673076923076923 0.10576923076923077
0 0.3641826923076923 0.7355769230769231 0.06971153846153846 0.19951923076923078
0 0.4855769230769231 0.6610576923076923 0.0625 0.12980769230769232
0 0.53125 0.6838942307692307 0.0625 0.18990384615384615
0 0.5853365384615384 0.6682692307692307 0.040865384615384616 0.14182692307692307
0 0.6213942307692307 0.6706730769230769 0.07451923076923077 0.23076923076923078
0 0.6862980769230769 0.546875 0.021634615384615384 0.03125
0 0.8173076923076923 0.5625 0.036057692307692304 0.11057692307692307
0 0.8509615384615384 0.6502403846153846 0.07451923076923077 0.2668269230769231
0 0.8918269230769231 0.6213942307692307 0.055288461538461536 0.19951923076923078
0 0.9290865384615384 0.6298076923076923 0.04567307692307692 0.19230769230769232
0 0.9639423076923077 0.6177884615384616 0.05048076923076923 0.18509615384615385