0 0.15985576923076922 0.734375 0.05048076923076923 0.11298076923076923
0 0.2692307692307692 0.7295673076923077 0.0985576923076923 0.21634615384615385
0 0.37740384615384615 0.7608173076923077 0.06971153846153846 0.13221153846153846
0 0.4206730769230769 0.7415865384615384 0.07211538461538461 0.21875
0 0.5480769230769231 0.7079326923076923 0.038461538461538464 0.0625
0 0.6286057692307693 0.7512019230769231 0.038461538461538464 0.0889423076923077
0 0.6658653846153846 0.7572115384615384 0.021634615384615384 0.0889423076923077
0 0.6935096153846154 0.7572115384615384 0.038461538461538464 0.08653846153846154
0 0.7295673076923077 0.7451923076923077 0.03365384615384615 0.055288461538461536
0 0.7548076923076923 0.7548076923076923 0.052884615384615384 0.07932692307692307
0 0.7884615384615384 0.7451923076923077 0.04567307692307692 0.12980769230769232
0 0.8389423076923077 0.7536057692307693 0.055288461538461536 0.09134615384615384
0 0.9050480769230769 0.7379807692307693 0.0625 0.21153846153846154
0 0.9615384615384616 0.734375 0.03365384615384615 0.10096153846153846
0 0.9831730769230769 0.7235576923076923 0.028846153846153848 0.12980769230769232