0 0.296875 0.7920673076923077 0.04807692307692308 0.1778846153846154
0 0.4987980769230769 0.5721153846153846 0.9975961538461539 0.8461538461538461
0 0.0889423076923077 0.703125 0.04567307692307692 0.1875
0 0.12860576923076922 0.8846153846153846 0.04807692307692308 0.18990384615384615
0 0.2247596153846154 0.9555288461538461 0.040865384615384616 0.08413461538461539
0 0.3798076923076923 0.7860576923076923 0.31971153846153844 0.34375
0 0.4723557692307692 0.03125 0.4495192307692308 0.0625
0 0.30528846153846156 0.9639423076923077 0.040865384615384616 0.0673076923076923
0 0.4110576923076923 0.9543269230769231 0.052884615384615384 0.08653846153846154
0 0.546875 0.8918269230769231 0.05048076923076923 0.19951923076923078
0 0.5661057692307693 0.9447115384615384 0.04807692307692308 0.10576923076923077
0 0.5961538461538461 0.8882211538461539 0.04807692307692308 0.16826923076923078
0 0.6382211538461539 0.9519230769230769 0.04567307692307692 0.09134615384615384
0 0.6418269230769231 0.8858173076923077 0.038461538461538464 0.16346153846153846
0 0.6754807692307693 0.90625 0.028846153846153848 0.15865384615384615
0 0.71875 0.9026442307692307 0.04567307692307692 0.16346153846153846
0 0.7572115384615384 0.8701923076923077 0.04807692307692308 0.15865384615384615
0 0.8653846153846154 0.078125 0.2644230769230769 0.13701923076923078
0 0.7860576923076923 0.9375 0.06009615384615385 0.1201923076923077
0 0.7920673076923077 0.8341346153846154 0.04807692307692308 0.1346153846153846
0 0.8161057692307693 0.9230769230769231 0.040865384615384616 0.15144230769230768
0 0.9182692307692307 0.9411057692307693 0.055288461538461536 0.11298076923076923