0 0.006009615384615385 0.3449519230769231 0.01201923076923077 0.23557692307692307
0 0.08413461538461539 0.3401442307692308 0.052884615384615384 0.22115384615384615
0 0.24519230769230768 0.28125 0.026442307692307692 0.06490384615384616
0 0.484375 0.3485576923076923 0.05048076923076923 0.23557692307692307
0 0.5540865384615384 0.3629807692307692 0.04326923076923077 0.19951923076923078
0 0.6045673076923077 0.3557692307692308 0.06009615384615385 0.21875
0 0.7163461538461539 0.31971153846153844 0.057692307692307696 0.12980769230769232
0 0.7776442307692307 0.39302884615384615 0.0889423076923077 0.25721153846153844
0 0.84375 0.29447115384615385 0.03125 0.06490384615384616
0 0.8762019230769231 0.27884615384615385 0.026442307692307692 0.08653846153846154
0 0.9182692307692307 0.2824519230769231 0.052884615384615384 0.08413461538461539
0 0.9495192307692307 0.2860576923076923 0.040865384615384616 0.08653846153846154
0 0.9867788461538461 0.2980769230769231 0.021634615384615384 0.057692307692307696