0 0.14423076923076922 0.33774038461538464 0.07932692307692307 0.30528846153846156
0 0.028846153846153848 0.4254807692307692 0.052884615384615384 0.19951923076923078
0 0.08653846153846154 0.42427884615384615 0.040865384615384616 0.18269230769230768
0 0.22716346153846154 0.4206730769230769 0.11538461538461539 0.2283653846153846
0 0.24759615384615385 0.4963942307692308 0.07211538461538461 0.0673076923076923
0 0.25240384615384615 0.31971153846153844 0.0673076923076923 0.23798076923076922
0 0.29086538461538464 0.3485576923076923 0.08653846153846154 0.28125
0 0.34615384615384615 0.5336538461538461 0.12740384615384615 0.11538461538461539
0 0.35216346153846156 0.49759615384615385 0.11298076923076923 0.09375
0 0.3713942307692308 0.3173076923076923 0.13942307692307693 0.44711538461538464
0 0.49038461538461536 0.6165865384615384 0.21875 0.28125
0 0.46033653846153844 0.34134615384615385 0.057692307692307696 0.3605769230769231
0 0.6971153846153846 0.4266826923076923 0.3389423076923077 0.5168269230769231
0 0.6298076923076923 0.6213942307692307 0.14182692307692307 0.28125
0 0.5961538461538461 0.26802884615384615 0.06971153846153846 0.17067307692307693
0 0.7007211538461539 0.18389423076923078 0.19471153846153846 0.33653846153846156
0 0.8137019230769231 0.6574519230769231 0.3701923076923077 0.35336538461538464
0 0.9519230769230769 0.3786057692307692 0.09375 0.5625