0 0.14543269230769232 0.7944711538461539 0.29086538461538464 0.40384615384615385
0 0.22596153846153846 0.6730769230769231 0.07932692307692307 0.25240384615384615
0 0.31009615384615385 0.6778846153846154 0.07692307692307693 0.2403846153846154
0 0.39783653846153844 0.6887019230769231 0.06971153846153846 0.22115384615384615
0 0.46875 0.6875 0.06971153846153846 0.2283653846153846
0 0.5324519230769231 0.5012019230769231 0.17548076923076922 0.23076923076923078
0 0.5528846153846154 0.6887019230769231 0.0673076923076923 0.24278846153846154
0 0.6358173076923077 0.6887019230769231 0.07932692307692307 0.2283653846153846
0 0.71875 0.6899038461538461 0.09375 0.21153846153846154
0 0.7956730769230769 0.6911057692307693 0.12740384615384615 0.24759615384615385
0 0.8689903846153846 0.6706730769230769 0.13942307692307693 0.27163461538461536
0 0.9375 0.8197115384615384 0.12259615384615384 0.3581730769230769