0 0.22596153846153846 0.7079326923076923 0.07451923076923077 0.28125
0 0.2764423076923077 0.7463942307692307 0.14423076923076922 0.21875
0 0.28365384615384615 0.6129807692307693 0.06971153846153846 0.11298076923076923
0 0.33413461538461536 0.6201923076923077 0.055288461538461536 0.13701923076923078
0 0.375 0.7199519230769231 0.08173076923076923 0.28365384615384615
0 0.6165865384615384 0.7067307692307693 0.17067307692307693 0.2283653846153846
0 0.640625 0.28365384615384615 0.06490384615384616 0.036057692307692304
0 0.6550480769230769 0.23918269230769232 0.05048076923076923 0.04567307692307692
0 0.6959134615384616 0.7620192307692307 0.13221153846153846 0.19471153846153846
0 0.7211538461538461 0.6286057692307693 0.15384615384615385 0.1658653846153846
0 0.6862980769230769 0.22716346153846154 0.028846153846153848 0.052884615384615384
0 0.7175480769230769 0.25240384615384615 0.06971153846153846 0.038461538461538464
0 0.7223557692307693 0.28846153846153844 0.052884615384615384 0.04326923076923077
0 0.7788461538461539 0.7271634615384616 0.125 0.19471153846153846