0 0.14302884615384615 0.953125 0.02403846153846154 0.0625
0 0.1622596153846154 0.9483173076923077 0.016826923076923076 0.08173076923076923
0 0.19110576923076922 0.9567307692307693 0.019230769230769232 0.07932692307692307
0 0.25721153846153844 0.34615384615384615 0.026442307692307692 0.07692307692307693
0 0.2932692307692308 0.9519230769230769 0.028846153846153848 0.09134615384615384
0 0.3112980769230769 0.6430288461538461 0.057692307692307696 0.13221153846153846
0 0.4675480769230769 0.9555288461538461 0.02403846153846154 0.08413461538461539
0 0.5144230769230769 0.27163461538461536 0.02403846153846154 0.07692307692307693
0 0.5264423076923077 0.7776442307692307 0.038461538461538464 0.14182692307692307
0 0.5276442307692307 0.9507211538461539 0.038461538461538464 0.09615384615384616
0 0.7283653846153846 0.9350961538461539 0.22596153846153846 0.12740384615384615
0 0.7247596153846154 0.6442307692307693 0.057692307692307696 0.12740384615384615
0 0.7680288461538461 0.3473557692307692 0.026442307692307692 0.07692307692307693