0 0.11658653846153846 0.15504807692307693 0.052884615384615384 0.21153846153846154
0 0.028846153846153848 0.171875 0.03365384615384615 0.1346153846153846
0 0.0829326923076923 0.15625 0.019230769230769232 0.038461538461538464
0 0.25240384615384615 0.16346153846153846 0.019230769230769232 0.08173076923076923
0 0.484375 0.1502403846153846 0.014423076923076924 0.055288461538461536
0 0.4963942307692308 0.16466346153846154 0.01201923076923077 0.03365384615384615
0 0.5576923076923077 0.1466346153846154 0.021634615384615384 0.06490384615384616
0 0.5709134615384616 0.15865384615384615 0.01201923076923077 0.03125
0 0.5793269230769231 0.15865384615384615 0.01201923076923077 0.04807692307692308
0 0.6237980769230769 0.17307692307692307 0.04326923076923077 0.19471153846153846
0 0.6911057692307693 0.19471153846153846 0.02403846153846154 0.12259615384615384
0 0.7271634615384616 0.20192307692307693 0.036057692307692304 0.1201923076923077
0 0.7932692307692307 0.17548076923076922 0.016826923076923076 0.12740384615384615
0 0.8317307692307693 0.16346153846153846 0.02403846153846154 0.12259615384615384
0 0.859375 0.16105769230769232 0.026442307692307692 0.14182692307692307
0 0.9002403846153846 0.13942307692307693 0.009615384615384616 0.05048076923076923
0 0.9086538461538461 0.07932692307692307 0.009615384615384616 0.019230769230769232
0 0.9110576923076923 0.140625 0.009615384615384616 0.055288461538461536
0 0.9170673076923077 0.07932692307692307 0.004807692307692308 0.019230769230769232
0 0.9507211538461539 0.21754807692307693 0.0625 0.14423076923076922