0 0.03485576923076923 0.8269230769230769 0.06009615384615385 0.11778846153846154
0 0.06490384615384616 0.9206730769230769 0.08653846153846154 0.13221153846153846
0 0.055288461538461536 0.6706730769230769 0.05048076923076923 0.11298076923076923
0 0.10336538461538461 0.6586538461538461 0.04807692307692308 0.10336538461538461
0 0.1201923076923077 0.7824519230769231 0.0673076923076923 0.12740384615384615
0 0.2091346153846154 0.8653846153846154 0.22355769230769232 0.22596153846153846
0 0.14783653846153846 0.6586538461538461 0.05048076923076923 0.09615384615384616
0 0.19230769230769232 0.734375 0.055288461538461536 0.11538461538461539
0 0.22716346153846154 0.6310096153846154 0.08413461538461539 0.06971153846153846
0 0.27283653846153844 0.6875 0.057692307692307696 0.11778846153846154
0 0.32091346153846156 0.6454326923076923 0.040865384615384616 0.10096153846153846
0 0.33413461538461536 0.8257211538461539 0.055288461538461536 0.12980769230769232
0 0.36538461538461536 0.6622596153846154 0.04567307692307692 0.0889423076923077
0 0.390625 0.8990384615384616 0.055288461538461536 0.15144230769230768
0 0.4014423076923077 0.6225961538461539 0.0673076923076923 0.07451923076923077
0 0.4699519230769231 0.8990384615384616 0.10576923076923077 0.1466346153846154
0 0.4579326923076923 0.7403846153846154 0.04807692307692308 0.11298076923076923
0 0.47716346153846156 0.6201923076923077 0.07211538461538461 0.0673076923076923
0 0.5204326923076923 0.9098557692307693 0.06971153846153846 0.1466346153846154
0 0.5817307692307693 0.8064903846153846 0.14423076923076922 0.2403846153846154
0 0.7319711538461539 0.8497596153846154 0.19471153846153846 0.2403846153846154
0 0.6754807692307693 0.7427884615384616 0.06490384615384616 0.11298076923076923
0 0.7668269230769231 0.65625 0.06490384615384616 0.11298076923076923
0 0.8125 0.6201923076923077 0.055288461538461536 0.0673076923076923
0 0.9014423076923077 0.8209134615384616 0.1658653846153846 0.28125
0 0.8834134615384616 0.6262019230769231 0.055288461538461536 0.06490384615384616
0 0.9399038461538461 0.6478365384615384 0.0673076923076923 0.125