0 0.016826923076923076 0.3870192307692308 0.03365384615384615 0.052884615384615384
0 0.04927884615384615 0.48677884615384615 0.09375 0.23317307692307693
0 0.03485576923076923 0.390625 0.036057692307692304 0.06009615384615385
0 0.0625 0.3701923076923077 0.019230769230769232 0.04807692307692308
0 0.1141826923076923 0.38822115384615385 0.028846153846153848 0.0673076923076923
0 0.13822115384615385 0.38341346153846156 0.03125 0.057692307692307696
0 0.17307692307692307 0.39783653846153844 0.057692307692307696 0.06490384615384616
0 0.18990384615384615 0.46033653846153844 0.07211538461538461 0.23557692307692307
0 0.23317307692307693 0.45552884615384615 0.038461538461538464 0.21153846153846154
0 0.27403846153846156 0.45913461538461536 0.06490384615384616 0.2283653846153846
0 0.25961538461538464 0.4026442307692308 0.026442307692307692 0.07211538461538461
0 0.3485576923076923 0.39783653846153844 0.04807692307692308 0.09615384615384616
0 0.5540865384615384 0.6574519230769231 0.31009615384615385 0.6394230769230769
0 0.5841346153846154 0.3161057692307692 0.052884615384615384 0.19471153846153846