0 0.09134615384615384 0.6862980769230769 0.15625 0.25721153846153844
0 0.26322115384615385 0.6646634615384616 0.14423076923076922 0.25961538461538464
0 0.2439903846153846 0.5096153846153846 0.06971153846153846 0.0889423076923077
0 0.3317307692307692 0.5120192307692307 0.09375 0.0985576923076923
0 0.3317307692307692 0.5709134615384616 0.07451923076923077 0.15625
0 0.38461538461538464 0.45913461538461536 0.08653846153846154 0.11538461538461539
0 0.4338942307692308 0.5745192307692307 0.09375 0.1778846153846154
0 0.4519230769230769 0.4987980769230769 0.06009615384615385 0.11778846153846154
0 0.4963942307692308 0.33533653846153844 0.06009615384615385 0.10336538461538461
0 0.5168269230769231 0.4074519230769231 0.10096153846153846 0.17548076923076922
0 0.5456730769230769 0.5348557692307693 0.10817307692307693 0.14423076923076922
0 0.5588942307692307 0.30408653846153844 0.03365384615384615 0.0625
0 0.5829326923076923 0.375 0.07692307692307693 0.19230769230769232
0 0.6322115384615384 0.39302884615384615 0.07211538461538461 0.21394230769230768
0 0.7367788461538461 0.5216346153846154 0.07211538461538461 0.11298076923076923
0 0.9038461538461539 0.5540865384615384 0.11298076923076923 0.18269230769230768