0 0.019230769230769232 0.4723557692307692 0.038461538461538464 0.11778846153846154
0 0.3389423076923077 0.8918269230769231 0.2860576923076923 0.21394230769230768
0 0.35697115384615385 0.43990384615384615 0.038461538461538464 0.20673076923076922
0 0.39663461538461536 0.4362980769230769 0.04326923076923077 0.17548076923076922
0 0.44591346153846156 0.5625 0.10096153846153846 0.19471153846153846
0 0.44350961538461536 0.4362980769230769 0.04326923076923077 0.15865384615384615
0 0.47836538461538464 0.45072115384615385 0.040865384615384616 0.18509615384615385
0 0.4987980769230769 0.3954326923076923 0.036057692307692304 0.07211538461538461
0 0.5348557692307693 0.5384615384615384 0.10336538461538461 0.22355769230769232
0 0.5288461538461539 0.40384615384615385 0.055288461538461536 0.08653846153846154
0 0.5829326923076923 0.4639423076923077 0.0673076923076923 0.21875
0 0.5625 0.37259615384615385 0.02403846153846154 0.06009615384615385
0 0.6201923076923077 0.4495192307692308 0.040865384615384616 0.19230769230769232
0 0.7091346153846154 0.7680288461538461 0.19951923076923078 0.11298076923076923
0 0.6466346153846154 0.46033653846153844 0.016826923076923076 0.12259615384615384
0 0.6754807692307693 0.46274038461538464 0.07451923076923077 0.22355769230769232
0 0.7175480769230769 0.46274038461538464 0.125 0.21875
0 0.8052884615384616 0.4675480769230769 0.07211538461538461 0.25