0 0.009615384615384616 0.6394230769230769 0.016826923076923076 0.057692307692307696
0 0.009615384615384616 0.7067307692307693 0.01201923076923077 0.0625
0 0.026442307692307692 0.6274038461538461 0.021634615384615384 0.040865384615384616
0 0.039663461538461536 0.6887019230769231 0.036057692307692304 0.08413461538461539
0 0.0733173076923077 0.7932692307692307 0.0985576923076923 0.18990384615384615
0 0.04567307692307692 0.6334134615384616 0.016826923076923076 0.038461538461538464
0 0.052884615384615384 0.6346153846153846 0.01201923076923077 0.04326923076923077
0 0.06610576923076923 0.6887019230769231 0.038461538461538464 0.08413461538461539
0 0.06971153846153846 0.6478365384615384 0.028846153846153848 0.08173076923076923
0 0.09375 0.65625 0.02403846153846154 0.09134615384615384
0 0.15625 0.7800480769230769 0.07692307692307693 0.23798076923076922
0 0.15144230769230768 0.6538461538461539 0.019230769230769232 0.08653846153846154
0 0.1502403846153846 0.6129807692307693 0.009615384615384616 0.03365384615384615
0 0.17668269230769232 0.6418269230769231 0.019230769230769232 0.057692307692307696
0 0.18870192307692307 0.6670673076923077 0.028846153846153848 0.0889423076923077
0 0.20192307692307693 0.7127403846153846 0.04326923076923077 0.057692307692307696
0 0.20552884615384615 0.6454326923076923 0.021634615384615384 0.06971153846153846
0 0.22956730769230768 0.703125 0.02403846153846154 0.052884615384615384
0 0.234375 0.6478365384615384 0.028846153846153848 0.06490384615384616
0 0.24519230769230768 0.6935096153846154 0.02403846153846154 0.07451923076923077
0 0.2668269230769231 0.6802884615384616 0.026442307692307692 0.0673076923076923
0 0.3137019230769231 0.8040865384615384 0.09134615384615384 0.17307692307692307
0 0.2824519230769231 0.6959134615384616 0.02403846153846154 0.05048076923076923
0 0.32572115384615385 0.8245192307692307 0.07211538461538461 0.19230769230769232
0 0.3004807692307692 0.6694711538461539 0.016826923076923076 0.04567307692307692
0 0.33052884615384615 0.6622596153846154 0.021634615384615384 0.038461538461538464
0 0.34975961538461536 0.6442307692307693 0.02403846153846154 0.040865384615384616
0 0.3449519230769231 0.6658653846153846 0.01201923076923077 0.026442307692307692
0 0.38461538461538464 0.8028846153846154 0.07932692307692307 0.19471153846153846
0 0.3605769230769231 0.6754807692307693 0.019230769230769232 0.021634615384615384
0 0.3737980769230769 0.6370192307692307 0.026442307692307692 0.052884615384615384
0 0.36899038461538464 0.6610576923076923 0.01201923076923077 0.02403846153846154
0 0.39903846153846156 0.6454326923076923 0.021634615384615384 0.05048076923076923
0 0.4170673076923077 0.6358173076923077 0.014423076923076924 0.028846153846153848
0 0.43028846153846156 0.6322115384615384 0.021634615384615384 0.028846153846153848
0 0.5685096153846154 0.7728365384615384 0.05048076923076923 0.15144230769230768
0 0.6310096153846154 0.6490384615384616 0.021634615384615384 0.0673076923076923
0 0.6430288461538461 0.6225961538461539 0.01201923076923077 0.02403846153846154
0 0.6538461538461539 0.6201923076923077 0.014423076923076924 0.02403846153846154
0 0.6778846153846154 0.65625 0.02403846153846154 0.0673076923076923
0 0.6887019230769231 0.6105769230769231 0.007211538461538462 0.019230769230769232
0 0.6971153846153846 0.6634615384615384 0.02403846153846154 0.04807692307692308
0 0.7091346153846154 0.6322115384615384 0.019230769230769232 0.036057692307692304
0 0.71875 0.6694711538461539 0.028846153846153848 0.057692307692307696
0 0.7259615384615384 0.6213942307692307 0.009615384615384616 0.02403846153846154
0 0.7572115384615384 0.7415865384615384 0.06971153846153846 0.13221153846153846
0 0.7644230769230769 0.7307692307692307 0.06971153846153846 0.11057692307692307
0 0.75 0.6706730769230769 0.026442307692307692 0.08653846153846154
0 0.7560096153846154 0.6129807692307693 0.021634615384615384 0.04807692307692308
0 0.7740384615384616 0.6887019230769231 0.021634615384615384 0.05048076923076923
0 0.8137019230769231 0.7524038461538461 0.055288461538461536 0.11778846153846154
0 0.8004807692307693 0.6454326923076923 0.014423076923076924 0.052884615384615384
0 0.8197115384615384 0.6466346153846154 0.014423076923076924 0.0625
0 0.8605769230769231 0.6838942307692307 0.038461538461538464 0.07932692307692307
0 0.8894230769230769 0.6899038461538461 0.03365384615384615 0.07692307692307693
0 0.8966346153846154 0.6298076923076923 0.007211538461538462 0.038461538461538464
0 0.90625 0.6310096153846154 0.01201923076923077 0.03125
0 0.9158653846153846 0.6466346153846154 0.021634615384615384 0.0625
0 0.9338942307692307 0.6370192307692307 0.014423076923076924 0.0889423076923077
0 0.9447115384615384 0.640625 0.009615384615384616 0.036057692307692304
0 0.9627403846153846 0.6959134615384616 0.04326923076923077 0.08413461538461539
0 0.9579326923076923 0.6358173076923077 0.02403846153846154 0.09134615384615384
0 0.9831730769230769 0.640625 0.021634615384615384 0.10096153846153846