0 0.3473557692307692 0.3954326923076923 0.021634615384615384 0.17548076923076922
0 0.36658653846153844 0.4098557692307692 0.036057692307692304 0.0985576923076923
0 0.4074519230769231 0.8798076923076923 0.11298076923076923 0.11298076923076923
0 0.375 0.45072115384615385 0.021634615384615384 0.04326923076923077
0 0.3870192307692308 0.3786057692307692 0.021634615384615384 0.038461538461538464
0 0.3954326923076923 0.4254807692307692 0.019230769230769232 0.08173076923076923
0 0.40625 0.38822115384615385 0.021634615384615384 0.05048076923076923
0 0.41466346153846156 0.44471153846153844 0.02403846153846154 0.036057692307692304
0 0.4567307692307692 0.5745192307692307 0.09134615384615384 0.08653846153846154
0 0.42908653846153844 0.41586538461538464 0.026442307692307692 0.08173076923076923
0 0.43149038461538464 0.3629807692307692 0.028846153846153848 0.04567307692307692
0 0.44591346153846156 0.41346153846153844 0.021634615384615384 0.07932692307692307
0 0.45913461538461536 0.39302884615384615 0.02403846153846154 0.057692307692307696
0 0.46875 0.4338942307692308 0.026442307692307692 0.028846153846153848
0 0.47836538461538464 0.4110576923076923 0.021634615384615384 0.07451923076923077
0 0.5024038461538461 0.8894230769230769 0.040865384615384616 0.21875
0 0.5288461538461539 0.4050480769230769 0.07211538461538461 0.19471153846153846
0 0.6370192307692307 0.40865384615384615 0.14182692307692307 0.11057692307692307
0 0.7596153846153846 0.39302884615384615 0.06971153846153846 0.17067307692307693
0 0.8485576923076923 0.8713942307692307 0.11538461538461539 0.11298076923076923
0 0.859375 0.41586538461538464 0.1346153846153846 0.1201923076923077
0 0.8846153846153846 0.5733173076923077 0.07451923076923077 0.08173076923076923