0 0.1346153846153846 0.5913461538461539 0.0625 0.2980769230769231
0 0.15504807692307693 0.6490384615384616 0.07692307692307693 0.14182692307692307
0 0.18870192307692307 0.5757211538461539 0.08413461538461539 0.34375
0 0.28725961538461536 0.5721153846153846 0.07692307692307693 0.2644230769230769
0 0.35697115384615385 0.5745192307692307 0.06490384615384616 0.34375
0 0.39903846153846156 0.5829326923076923 0.0673076923076923 0.34615384615384615
0 0.49278846153846156 0.5264423076923077 0.12259615384615384 0.16826923076923078
0 0.4723557692307692 0.5985576923076923 0.07692307692307693 0.31009615384615385
0 0.5625 0.5829326923076923 0.08413461538461539 0.34134615384615385
0 0.7512019230769231 0.5625 0.21153846153846154 0.37740384615384615
0 0.9783653846153846 0.6033653846153846 0.040865384615384616 0.16346153846153846