0 0.5024038461538461 0.6189903846153846 0.12980769230769232 0.6778846153846154
0 0.02403846153846154 0.6057692307692307 0.04807692307692308 0.6346153846153846
0 0.0625 0.5612980769230769 0.11538461538461539 0.6153846153846154
0 0.12379807692307693 0.5300480769230769 0.10817307692307693 0.5913461538461539
0 0.18389423076923078 0.47716346153846156 0.07932692307692307 0.5985576923076923
0 0.24278846153846154 0.5889423076923077 0.13942307692307693 0.6754807692307693
0 0.30528846153846156 0.5576923076923077 0.10096153846153846 0.6346153846153846
0 0.3557692307692308 0.5300480769230769 0.10576923076923077 0.5841346153846154
0 0.4026442307692308 0.49399038461538464 0.0985576923076923 0.5600961538461539
0 0.5709134615384616 0.5600961538461539 0.11778846153846154 0.625
0 0.6069711538461539 0.5408653846153846 0.06490384615384616 0.5528846153846154
0 0.6526442307692307 0.4987980769230769 0.11057692307692307 0.5600961538461539
0 0.8125 0.6129807692307693 0.19471153846153846 0.6658653846153846
0 0.8665865384615384 0.5697115384615384 0.0985576923076923 0.6322115384615384
0 0.90625 0.5360576923076923 0.10576923076923077 0.6057692307692307