0 0.010817307692307692 0.6658653846153846 0.021634615384615384 0.07211538461538461
0 0.08413461538461539 0.6574519230769231 0.016826923076923076 0.055288461538461536
0 0.12980769230769232 0.6622596153846154 0.014423076923076924 0.055288461538461536
0 0.27524038461538464 0.6430288461538461 0.014423076923076924 0.02403846153846154
0 0.3076923076923077 0.6478365384615384 0.009615384615384616 0.019230769230769232
0 0.3485576923076923 0.7992788461538461 0.06009615384615385 0.12259615384615384
0 0.4170673076923077 0.7091346153846154 0.06009615384615385 0.3004807692307692
0 0.43990384615384615 0.7548076923076923 0.036057692307692304 0.18269230769230768
0 0.47836538461538464 0.7043269230769231 0.05048076923076923 0.3605769230769231
0 0.6598557692307693 0.6442307692307693 0.05048076923076923 0.028846153846153848
0 0.6911057692307693 0.6574519230769231 0.019230769230769232 0.038461538461538464
0 0.734375 0.6490384615384616 0.007211538461538462 0.021634615384615384
0 0.7427884615384616 0.6418269230769231 0.01201923076923077 0.026442307692307692
0 0.7524038461538461 0.6442307692307693 0.007211538461538462 0.026442307692307692
0 0.7836538461538461 0.6478365384615384 0.01201923076923077 0.04807692307692308
0 0.7956730769230769 0.6502403846153846 0.01201923076923077 0.04326923076923077
0 0.8605769230769231 0.6538461538461539 0.016826923076923076 0.055288461538461536