0 0.17908653846153846 0.6141826923076923 0.11538461538461539 0.5024038461538461
0 0.2824519230769231 0.59375 0.0889423076923077 0.5096153846153846
0 0.3004807692307692 0.3545673076923077 0.0625 0.12259615384615384
0 0.3293269230769231 0.37740384615384615 0.04567307692307692 0.125
0 0.3425480769230769 0.6069711538461539 0.06009615384615385 0.49038461538461536
0 0.390625 0.6069711538461539 0.08653846153846154 0.5
0 0.4375 0.5516826923076923 0.06490384615384616 0.4855769230769231
0 0.4651442307692308 0.6153846153846154 0.11057692307692307 0.44711538461538464
0 0.49399038461538464 0.41346153846153844 0.0889423076923077 0.2091346153846154
0 0.5576923076923077 0.6069711538461539 0.09615384615384616 0.4831730769230769
0 0.5805288461538461 0.3870192307692308 0.06009615384615385 0.18028846153846154
0 0.6298076923076923 0.59375 0.07451923076923077 0.49759615384615385
0 0.6442307692307693 0.36778846153846156 0.06009615384615385 0.15865384615384615
0 0.6947115384615384 0.5432692307692307 0.055288461538461536 0.4831730769230769
0 0.7271634615384616 0.5853365384615384 0.11778846153846154 0.5240384615384616
0 0.7704326923076923 0.3713942307692308 0.057692307692307696 0.16105769230769232
0 0.8040865384615384 0.5829326923076923 0.0673076923076923 0.5024038461538461
0 0.8509615384615384 0.3557692307692308 0.0889423076923077 0.1778846153846154
0 0.8677884615384616 0.5745192307692307 0.06490384615384616 0.5144230769230769
0 0.9375 0.5805288461538461 0.08653846153846154 0.49038461538461536