0 0.07932692307692307 0.9387019230769231 0.06490384615384616 0.11057692307692307
0 0.4567307692307692 0.7800480769230769 0.052884615384615384 0.1201923076923077
0 0.46875 0.6129807692307693 0.02403846153846154 0.06490384615384616
0 0.5733173076923077 0.7211538461538461 0.06971153846153846 0.10336538461538461
0 0.6538461538461539 0.7620192307692307 0.06971153846153846 0.10096153846153846
0 0.6694711538461539 0.9302884615384616 0.08653846153846154 0.13221153846153846
0 0.6646634615384616 0.8521634615384616 0.06009615384615385 0.07932692307692307
0 0.765625 0.7692307692307693 0.06009615384615385 0.0673076923076923
0 0.7692307692307693 0.8413461538461539 0.052884615384615384 0.07932692307692307
0 0.8088942307692307 0.8882211538461539 0.055288461538461536 0.08173076923076923
0 0.8125 0.7584134615384616 0.028846153846153848 0.04567307692307692
0 0.8653846153846154 0.8461538461538461 0.06490384615384616 0.057692307692307696
0 0.9831730769230769 0.8786057692307693 0.03125 0.07692307692307693