0 0.24278846153846154 0.6574519230769231 0.06971153846153846 0.15865384615384615
0 0.025240384615384616 0.6766826923076923 0.05048076923076923 0.22355769230769232
0 0.03125 0.6237980769230769 0.021634615384615384 0.10336538461538461
0 0.040865384615384616 0.5997596153846154 0.007211538461538462 0.052884615384615384
0 0.055288461538461536 0.6442307692307693 0.02403846153846154 0.13221153846153846
0 0.06850961538461539 0.5901442307692307 0.02403846153846154 0.038461538461538464
0 0.08653846153846154 0.6141826923076923 0.028846153846153848 0.08653846153846154
0 0.28966346153846156 0.6670673076923077 0.057692307692307696 0.18990384615384615
0 0.4182692307692308 0.6814903846153846 0.0673076923076923 0.21634615384615385
0 0.8858173076923077 0.5841346153846154 0.07932692307692307 0.12740384615384615
0 0.8713942307692307 0.6033653846153846 0.04326923076923077 0.07451923076923077
0 0.9350961538461539 0.6382211538461539 0.07932692307692307 0.22596153846153846
0 0.9663461538461539 0.6201923076923077 0.057692307692307696 0.23798076923076922