0 0.6971153846153846 0.5540865384615384 0.05048076923076923 0.22115384615384615
0 0.15144230769230768 0.5588942307692307 0.03125 0.16346153846153846
0 0.3942307692307692 0.5456730769230769 0.036057692307692304 0.21394230769230768
0 0.4170673076923077 0.5673076923076923 0.055288461538461536 0.2091346153846154
0 0.5384615384615384 0.5721153846153846 0.03365384615384615 0.19471153846153846
0 0.5516826923076923 0.5949519230769231 0.052884615384615384 0.2764423076923077
0 0.6141826923076923 0.5817307692307693 0.04567307692307692 0.23317307692307693
0 0.6045673076923077 0.5733173076923077 0.019230769230769232 0.17067307692307693
0 0.6490384615384616 0.5036057692307693 0.009615384615384616 0.04807692307692308
0 0.6550480769230769 0.5072115384615384 0.004807692307692308 0.028846153846153848
0 0.6670673076923077 0.5084134615384616 0.009615384615384616 0.038461538461538464
0 0.6742788461538461 0.5576923076923077 0.02403846153846154 0.17307692307692307
0 0.7163461538461539 0.5036057692307693 0.01201923076923077 0.04807692307692308
0 0.7331730769230769 0.5036057692307693 0.009615384615384616 0.04807692307692308
0 0.7668269230769231 0.5036057692307693 0.014423076923076924 0.05048076923076923
0 0.796875 0.5132211538461539 0.014423076923076924 0.0673076923076923
0 0.8221153846153846 0.5108173076923077 0.009615384615384616 0.07692307692307693