0 0.07211538461538461 0.9759615384615384 0.028846153846153848 0.04326923076923077
0 0.08413461538461539 0.9555288461538461 0.016826923076923076 0.06009615384615385
0 0.10336538461538461 0.9699519230769231 0.021634615384615384 0.052884615384615384
0 0.17908653846153846 0.5709134615384616 0.0673076923076923 0.09615384615384616
0 0.16346153846153846 0.7524038461538461 0.016826923076923076 0.055288461538461536
0 0.26322115384615385 0.984375 0.021634615384615384 0.028846153846153848
0 0.6478365384615384 0.9206730769230769 0.6995192307692307 0.15384615384615385
0 0.3473557692307692 0.5625 0.06971153846153846 0.22115384615384615
0 0.4579326923076923 0.5444711538461539 0.14903846153846154 0.14182692307692307
0 0.4651442307692308 0.43990384615384615 0.028846153846153848 0.08173076923076923
0 0.47836538461538464 0.4567307692307692 0.038461538461538464 0.11298076923076923
0 0.5637019230769231 0.5673076923076923 0.06009615384615385 0.23557692307692307
0 0.6959134615384616 0.5973557692307693 0.04326923076923077 0.07692307692307693
0 0.7728365384615384 0.7536057692307693 0.014423076923076924 0.04807692307692308