0 0.14783653846153846 0.5396634615384616 0.1201923076923077 0.6105769230769231
0 0.14783653846153846 0.34375 0.2956730769230769 0.19471153846153846
0 0.34375 0.53125 0.1346153846153846 0.65625
0 0.4879807692307692 0.546875 0.20432692307692307 0.7692307692307693
0 0.4651442307692308 0.2439903846153846 0.036057692307692304 0.055288461538461536
0 0.5504807692307693 0.28846153846153844 0.05048076923076923 0.14903846153846154
0 0.6069711538461539 0.5288461538461539 0.12259615384615384 0.5889423076923077
0 0.5745192307692307 0.2848557692307692 0.04326923076923077 0.11538461538461539
0 0.6887019230769231 0.5540865384615384 0.21394230769230768 0.71875
0 0.7355769230769231 0.28846153846153844 0.04807692307692308 0.11298076923076923
0 0.7728365384615384 0.33653846153846156 0.040865384615384616 0.14903846153846154
0 0.8221153846153846 0.35216346153846156 0.05048076923076923 0.24759615384615385