0 0.42788461538461536 0.7415865384615384 0.07932692307692307 0.34134615384615385
0 0.13942307692307693 0.7848557692307693 0.07211538461538461 0.21394230769230768
0 0.24278846153846154 0.7391826923076923 0.07211538461538461 0.2932692307692308
0 0.28966346153846156 0.7079326923076923 0.07211538461538461 0.2764423076923077
0 0.3485576923076923 0.7163461538461539 0.055288461538461536 0.28846153846153844
0 0.4723557692307692 0.7307692307692307 0.038461538461538464 0.27163461538461536
0 0.5492788461538461 0.7055288461538461 0.08173076923076923 0.3125
0 0.6322115384615384 0.7800480769230769 0.125 0.3557692307692308
0 0.609375 0.6911057692307693 0.04326923076923077 0.21634615384615385
0 0.8040865384615384 0.6598557692307693 0.036057692307692304 0.07451923076923077
0 0.8725961538461539 0.6370192307692307 0.052884615384615384 0.08653846153846154
0 0.9459134615384616 0.6995192307692307 0.04326923076923077 0.19471153846153846