0 0.020432692307692308 0.4182692307692308 0.040865384615384616 0.16826923076923078
0 0.036057692307692304 0.4254807692307692 0.040865384615384616 0.12259615384615384
0 0.037259615384615384 0.2644230769230769 0.028846153846153848 0.052884615384615384
0 0.056490384615384616 0.28725961538461536 0.040865384615384616 0.1466346153846154
0 0.055288461538461536 0.4074519230769231 0.02403846153846154 0.1875
0 0.06370192307692307 0.421875 0.036057692307692304 0.27163461538461536
0 0.07572115384615384 0.4230769230769231 0.04326923076923077 0.3004807692307692
0 0.09495192307692307 0.44471153846153844 0.04807692307692308 0.28365384615384615
0 0.11298076923076923 0.45072115384615385 0.057692307692307696 0.31009615384615385
0 0.11899038461538461 0.28966346153846156 0.026442307692307692 0.07451923076923077
0 0.12740384615384615 0.45913461538461536 0.04567307692307692 0.3125
0 0.13822115384615385 0.4795673076923077 0.03365384615384615 0.31490384615384615
0 0.17307692307692307 0.4951923076923077 0.052884615384615384 0.40865384615384615
0 0.18629807692307693 0.3245192307692308 0.016826923076923076 0.0673076923076923
0 0.20072115384615385 0.38341346153846156 0.03125 0.14182692307692307
0 0.21394230769230768 0.390625 0.036057692307692304 0.1466346153846154
0 0.22235576923076922 0.49399038461538464 0.05048076923076923 0.3389423076923077
0 0.24759615384615385 0.5132211538461539 0.09134615384615384 0.5192307692307693
0 0.2824519230769231 0.5324519230769231 0.12740384615384615 0.5600961538461539
0 0.3317307692307692 0.5661057692307693 0.11538461538461539 0.5961538461538461
0 0.43149038461538464 0.8413461538461539 0.18028846153846154 0.31490384615384615
0 0.3762019230769231 0.31009615384615385 0.03365384615384615 0.08653846153846154
0 0.5144230769230769 0.5949519230769231 0.2644230769230769 0.7475961538461539
0 0.4182692307692308 0.3161057692307692 0.052884615384615384 0.12259615384615384
0 0.5216346153846154 0.37259615384615385 0.06490384615384616 0.125
0 0.5757211538461539 0.6442307692307693 0.12740384615384615 0.7067307692307693
0 0.5420673076923077 0.3245192307692308 0.04326923076923077 0.1346153846153846
0 0.5793269230769231 0.24158653846153846 0.06009615384615385 0.125
0 0.6009615384615384 0.3473557692307692 0.021634615384615384 0.14423076923076922
0 0.6213942307692307 0.3401442307692308 0.04326923076923077 0.18269230769230768
0 0.6382211538461539 0.6862980769230769 0.06971153846153846 0.6225961538461539
0 0.6790865384615384 0.6574519230769231 0.12259615384615384 0.6802884615384616
0 0.6694711538461539 0.3581730769230769 0.0673076923076923 0.1658653846153846
0 0.7163461538461539 0.2620192307692308 0.04326923076923077 0.14423076923076922
0 0.7680288461538461 0.6430288461538461 0.13221153846153846 0.7115384615384616
0 0.7584134615384616 0.31009615384615385 0.0889423076923077 0.0673076923076923
0 0.8245192307692307 0.44471153846153844 0.07932692307692307 0.2692307692307692
0 0.9158653846153846 0.6069711538461539 0.1658653846153846 0.78125
0 0.9507211538461539 0.3545673076923077 0.04326923076923077 0.12740384615384615
0 0.9807692307692307 0.39302884615384615 0.03365384615384615 0.24278846153846154