0 0.40625 0.4651442307692308 0.08413461538461539 0.31009615384615385
0 0.21394230769230768 0.6598557692307693 0.15384615384615385 0.33653846153846156
0 0.5120192307692307 0.7235576923076923 0.14903846153846154 0.41346153846153844
0 0.5120192307692307 0.6286057692307693 0.13942307692307693 0.21875
0 0.6045673076923077 0.7932692307692307 0.31971153846153844 0.4110576923076923
0 0.5901442307692307 0.5865384615384616 0.0889423076923077 0.2403846153846154
0 0.8052884615384616 0.7439903846153846 0.15384615384615385 0.38221153846153844
0 0.7704326923076923 0.5649038461538461 0.07211538461538461 0.16346153846153846
0 0.8341346153846154 0.5504807692307693 0.0673076923076923 0.13942307692307693
0 0.9483173076923077 0.6370192307692307 0.10096153846153846 0.22115384615384615
0 0.9579326923076923 0.8966346153846154 0.07932692307692307 0.20192307692307693