0 0.06129807692307692 0.78125 0.06971153846153846 0.42788461538461536
0 0.11538461538461539 0.7920673076923077 0.07211538461538461 0.41346153846153844
0 0.1875 0.8040865384615384 0.057692307692307696 0.34134615384615385
0 0.23677884615384615 0.8894230769230769 0.07692307692307693 0.20673076923076922
0 0.34615384615384615 0.7512019230769231 0.0889423076923077 0.45913461538461536
0 0.41586538461538464 0.7704326923076923 0.057692307692307696 0.42788461538461536
0 0.4795673076923077 0.7644230769230769 0.0673076923076923 0.40865384615384615
0 0.5108173076923077 0.7836538461538461 0.02403846153846154 0.34615384615384615
0 0.5444711538461539 0.8112980769230769 0.036057692307692304 0.34375
0 0.5829326923076923 0.7752403846153846 0.055288461538461536 0.40625
0 0.6201923076923077 0.8617788461538461 0.04326923076923077 0.22115384615384615
0 0.6730769230769231 0.7788461538461539 0.0673076923076923 0.3389423076923077
0 0.7139423076923077 0.7776442307692307 0.055288461538461536 0.38221153846153844
0 0.7379807692307693 0.7391826923076923 0.07451923076923077 0.4182692307692308
0 0.7728365384615384 0.7548076923076923 0.055288461538461536 0.43990384615384615
0 0.8233173076923077 0.7271634615384616 0.06490384615384616 0.4326923076923077
0 0.8918269230769231 0.7560096153846154 0.07211538461538461 0.3629807692307692
0 0.9663461538461539 0.7151442307692307 0.0625 0.5072115384615384