0 0.47115384615384615 0.9182692307692307 0.057692307692307696 0.13942307692307693
0 0.10336538461538461 0.9314903846153846 0.0673076923076923 0.13221153846153846
0 0.28846153846153844 0.31850961538461536 0.02403846153846154 0.057692307692307696
0 0.32211538461538464 0.328125 0.02403846153846154 0.0889423076923077
0 0.36177884615384615 0.2980769230769231 0.01201923076923077 0.036057692307692304
0 0.39903846153846156 0.9783653846153846 0.028846153846153848 0.040865384615384616
0 0.5973557692307693 0.34375 0.4254807692307692 0.13701923076923078
0 0.5661057692307693 0.9387019230769231 0.038461538461538464 0.1201923076923077
0 0.6490384615384616 0.9795673076923077 0.05048076923076923 0.036057692307692304
0 0.7596153846153846 0.8341346153846154 0.03125 0.16346153846153846
0 0.8016826923076923 0.8725961538461539 0.040865384615384616 0.14182692307692307
0 0.8112980769230769 0.7860576923076923 0.03365384615384615 0.07692307692307693
0 0.84375 0.9543269230769231 0.05048076923076923 0.0889423076923077
0 0.8461538461538461 0.34975961538461536 0.04326923076923077 0.14423076923076922
0 0.8930288461538461 0.3473557692307692 0.04326923076923077 0.13701923076923078
0 0.9555288461538461 0.33653846153846156 0.057692307692307696 0.15384615384615385