0 0.8173076923076923 0.59375 0.11298076923076923 0.4567307692307692
0 0.37740384615384615 0.4723557692307692 0.038461538461538464 0.16105769230769232
0 0.59375 0.46274038461538464 0.016826923076923076 0.055288461538461536
0 0.6129807692307693 0.4639423076923077 0.019230769230769232 0.09375
0 0.6382211538461539 0.46153846153846156 0.016826923076923076 0.08653846153846154
0 0.6634615384615384 0.45913461538461536 0.02403846153846154 0.08173076923076923
0 0.875 0.4639423076923077 0.03365384615384615 0.12980769230769232
0 0.9266826923076923 0.5204326923076923 0.06971153846153846 0.24519230769230768
0 0.9555288461538461 0.4699519230769231 0.02403846153846154 0.1346153846153846
0 0.9795673076923077 0.4579326923076923 0.02403846153846154 0.13942307692307693
0 0.9939903846153846 0.4543269230769231 0.007211538461538462 0.1346153846153846