0 0.5865384615384616 0.7271634615384616 0.08653846153846154 0.37740384615384615
0 0.19591346153846154 0.7920673076923077 0.0985576923076923 0.33413461538461536
0 0.25721153846153844 0.4807692307692308 0.12740384615384615 0.31009615384615385
0 0.2536057692307692 0.7644230769230769 0.07211538461538461 0.35096153846153844
0 0.28846153846153844 0.7896634615384616 0.06490384615384616 0.31009615384615385
0 0.31850961538461536 0.7355769230769231 0.06490384615384616 0.33413461538461536
0 0.36177884615384615 0.7295673076923077 0.07932692307692307 0.3293269230769231
0 0.38461538461538464 0.4855769230769231 0.10817307692307693 0.18990384615384615
0 0.3786057692307692 0.6021634615384616 0.04326923076923077 0.09134615384615384
0 0.3858173076923077 0.7151442307692307 0.052884615384615384 0.3245192307692308
0 0.41346153846153844 0.7367788461538461 0.07451923076923077 0.28125
0 0.4495192307692308 0.7115384615384616 0.05048076923076923 0.31971153846153844
0 0.4831730769230769 0.7103365384615384 0.06009615384615385 0.3173076923076923
0 0.5324519230769231 0.703125 0.07451923076923077 0.3605769230769231
0 0.5528846153846154 0.5528846153846154 0.07932692307692307 0.11298076923076923
0 0.6454326923076923 0.578125 0.10096153846153846 0.29086538461538464
0 0.6610576923076923 0.5228365384615384 0.10336538461538461 0.3317307692307692
0 0.7331730769230769 0.45552884615384615 0.08413461538461539 0.375