0 0.29086538461538464 0.6838942307692307 0.04807692307692308 0.10096153846153846
0 0.05048076923076923 0.078125 0.052884615384615384 0.11538461538461539
0 0.13822115384615385 0.08653846153846154 0.03125 0.10336538461538461
0 0.17067307692307693 0.08774038461538461 0.036057692307692304 0.1201923076923077
0 0.25240384615384615 0.3737980769230769 0.02403846153846154 0.0889423076923077
0 0.25961538461538464 0.4495192307692308 0.03365384615384615 0.052884615384615384
0 0.4254807692307692 0.0889423076923077 0.3125 0.1778846153846154
0 0.41225961538461536 0.23798076923076922 0.016826923076923076 0.03125
0 0.45552884615384615 0.2536057692307692 0.05048076923076923 0.09134615384615384
0 0.4891826923076923 0.6682692307692307 0.026442307692307692 0.04807692307692308
0 0.5396634615384616 0.28966346153846156 0.016826923076923076 0.04326923076923077
0 0.5805288461538461 0.5697115384615384 0.057692307692307696 0.10576923076923077
0 0.5697115384615384 0.29086538461538464 0.03125 0.10576923076923077
0 0.6814903846153846 0.28125 0.03125 0.0985576923076923
0 0.7908653846153846 0.3870192307692308 0.04326923076923077 0.12259615384615384
0 0.9387019230769231 0.3161057692307692 0.016826923076923076 0.036057692307692304
0 0.9519230769230769 0.3545673076923077 0.03365384615384615 0.14182692307692307
0 0.9879807692307693 0.31009615384615385 0.019230769230769232 0.038461538461538464