0 0.06129807692307692 0.6730769230769231 0.12259615384615384 0.1658653846153846
0 0.10216346153846154 0.11778846153846154 0.20432692307692307 0.20192307692307693
0 0.16105769230769232 0.5144230769230769 0.32211538461538464 0.33653846153846156
0 0.09615384615384616 0.9471153846153846 0.052884615384615384 0.10096153846153846
0 0.1971153846153846 0.2512019230769231 0.1778846153846154 0.03365384615384615
0 0.1346153846153846 0.9074519230769231 0.04567307692307692 0.15384615384615385
0 0.14182692307692307 0.7019230769230769 0.028846153846153848 0.10096153846153846
0 0.39663461538461536 0.17668269230769232 0.5048076923076923 0.03365384615384615
0 0.16466346153846154 0.7151442307692307 0.021634615384615384 0.06971153846153846
0 0.19230769230769232 0.7019230769230769 0.040865384615384616 0.10817307692307693
0 0.1935096153846154 0.8762019230769231 0.036057692307692304 0.15384615384615385
0 0.24879807692307693 0.9122596153846154 0.05048076923076923 0.16105769230769232
0 0.2536057692307692 0.7247596153846154 0.03125 0.1201923076923077
0 0.28125 0.7067307692307693 0.038461538461538464 0.13221153846153846
0 0.3137019230769231 0.7512019230769231 0.03365384615384615 0.13221153846153846
0 0.3545673076923077 0.7139423076923077 0.02403846153846154 0.036057692307692304
0 0.3798076923076923 0.7572115384615384 0.03125 0.10576923076923077
0 0.4014423076923077 0.7848557692307693 0.02403846153846154 0.12259615384615384
0 0.4110576923076923 0.7415865384615384 0.028846153846153848 0.07451923076923077
0 0.4230769230769231 0.8040865384615384 0.036057692307692304 0.11538461538461539
0 0.46274038461538464 0.7091346153846154 0.040865384615384616 0.10096153846153846
0 0.4735576923076923 0.8149038461538461 0.040865384615384616 0.13221153846153846
0 0.5012019230769231 0.7836538461538461 0.02403846153846154 0.14423076923076922
0 0.6262019230769231 0.2800480769230769 0.2692307692307692 0.057692307692307696
0 0.5204326923076923 0.5252403846153846 0.038461538461538464 0.11298076923076923
0 0.6286057692307693 0.8509615384615384 0.24278846153846154 0.19230769230769232
0 0.5925480769230769 0.5360576923076923 0.040865384615384616 0.11057692307692307
0 0.6694711538461539 0.5480769230769231 0.040865384615384616 0.12740384615384615
0 0.7127403846153846 0.7704326923076923 0.03365384615384615 0.11778846153846154
0 0.859375 0.49399038461538464 0.27884615384615385 0.23317307692307693
0 0.75 0.5480769230769231 0.03365384615384615 0.11778846153846154
0 0.7680288461538461 0.8894230769230769 0.038461538461538464 0.14182692307692307
0 0.8882211538461539 0.11778846153846154 0.21875 0.23557692307692307
0 0.8088942307692307 0.9038461538461539 0.04807692307692308 0.17067307692307693
0 0.8257211538461539 0.30288461538461536 0.06490384615384616 0.0673076923076923
0 0.8341346153846154 0.5709134615384616 0.038461538461538464 0.125
0 0.8389423076923077 0.9110576923076923 0.04567307692307692 0.14903846153846154
0 0.8834134615384616 0.9206730769230769 0.036057692307692304 0.15384615384615385
0 0.8966346153846154 0.8930288461538461 0.055288461538461536 0.1778846153846154
0 0.9290865384615384 0.3076923076923077 0.021634615384615384 0.028846153846153848