0 0.40384615384615385 0.4230769230769231 0.06009615384615385 0.23557692307692307
0 0.7956730769230769 0.3629807692307692 0.05048076923076923 0.21394230769230768
0 0.8774038461538461 0.16947115384615385 0.009615384615384616 0.04326923076923077
0 0.8822115384615384 0.234375 0.01201923076923077 0.040865384615384616
0 0.8894230769230769 0.15504807692307693 0.016826923076923076 0.05048076923076923
0 0.8966346153846154 0.234375 0.01201923076923077 0.04807692307692308
0 0.8990384615384616 0.07692307692307693 0.009615384615384616 0.04326923076923077
0 0.9050480769230769 0.14903846153846154 0.01201923076923077 0.040865384615384616
0 0.9555288461538461 0.12740384615384615 0.01201923076923077 0.057692307692307696
0 0.9627403846153846 0.2127403846153846 0.016826923076923076 0.06490384615384616
0 0.9699519230769231 0.028846153846153848 0.014423076923076924 0.052884615384615384
0 0.9807692307692307 0.11658653846153846 0.019230769230769232 0.0625
0 0.9879807692307693 0.20192307692307693 0.019230769230769232 0.055288461538461536
0 0.9927884615384616 0.021634615384615384 0.01201923076923077 0.04326923076923077