0 0.04807692307692308 0.3269230769230769 0.09615384615384616 0.47115384615384615
0 0.1201923076923077 0.31850961538461536 0.09375 0.40625
0 0.24759615384615385 0.5973557692307693 0.2692307692307692 0.7475961538461539
0 0.24278846153846154 0.296875 0.1201923076923077 0.4326923076923077
0 0.3317307692307692 0.24879807692307693 0.06971153846153846 0.3317307692307692
0 0.3762019230769231 0.32211538461538464 0.11057692307692307 0.44711538461538464
0 0.47716346153846156 0.31009615384615385 0.07692307692307693 0.34615384615384615
0 0.5120192307692307 0.34375 0.14903846153846154 0.42788461538461536
0 0.5925480769230769 0.3173076923076923 0.06490384615384616 0.4254807692307692
0 0.8040865384615384 0.5600961538461539 0.3870192307692308 0.5144230769230769
0 0.6850961538461539 0.25240384615384615 0.08653846153846154 0.20432692307692307
0 0.8125 0.20432692307692307 0.11298076923076923 0.15144230769230768
0 0.8233173076923077 0.27884615384615385 0.09375 0.2091346153846154
0 0.9447115384615384 0.3485576923076923 0.08653846153846154 0.3293269230769231