0 0.21754807692307693 0.28846153846153844 0.09615384615384616 0.31009615384615385
0 0.02283653846153846 0.3293269230769231 0.04567307692307692 0.20192307692307693
0 0.06009615384615385 0.9302884615384616 0.1201923076923077 0.1346153846153846
0 0.05889423076923077 0.35697115384615385 0.026442307692307692 0.1658653846153846
0 0.29447115384615385 0.8978365384615384 0.0673076923076923 0.19951923076923078
0 0.36177884615384615 0.5300480769230769 0.08173076923076923 0.19951923076923078
0 0.42427884615384615 0.4963942307692308 0.0625 0.17067307692307693
0 0.47115384615384615 0.7872596153846154 0.11298076923076923 0.27163461538461536
0 0.5853365384615384 0.2980769230769231 0.14903846153846154 0.29086538461538464
0 0.8004807692307693 0.8930288461538461 0.06009615384615385 0.2091346153846154
0 0.859375 0.21995192307692307 0.07932692307692307 0.3389423076923077
0 0.9459134615384616 0.4651442307692308 0.10576923076923077 0.20673076923076922