0 0.12139423076923077 0.5384615384615384 0.24278846153846154 0.25
0 0.3016826923076923 0.3137019230769231 0.6033653846153846 0.19471153846153846
0 0.3173076923076923 0.14182692307692307 0.6346153846153846 0.2764423076923077
0 0.125 0.5588942307692307 0.12259615384615384 0.5
0 0.3894230769230769 0.5420673076923077 0.28365384615384615 0.3269230769230769
0 0.7487980769230769 0.6658653846153846 0.5 0.3125
0 0.7007211538461539 0.4951923076923077 0.2980769230769231 0.1658653846153846
0 0.7199519230769231 0.3858173076923077 0.24519230769230768 0.14182692307692307
0 0.7007211538461539 0.171875 0.13221153846153846 0.09615384615384616
0 0.859375 0.15144230769230768 0.2764423076923077 0.28365384615384615
0 0.9206730769230769 0.4026442307692308 0.15384615384615385 0.14182692307692307