0 0.054086538461538464 0.43990384615384615 0.05048076923076923 0.20192307692307693
0 0.19951923076923078 0.5853365384615384 0.2644230769230769 0.6682692307692307
0 0.125 0.4375 0.055288461538461536 0.1875
0 0.1658653846153846 0.4387019230769231 0.021634615384615384 0.1875
0 0.3798076923076923 0.546875 0.2932692307692308 0.7692307692307693
0 0.3088942307692308 0.4254807692307692 0.08173076923076923 0.14903846153846154
0 0.484375 0.6911057692307693 0.24759615384615385 0.3125
0 0.5697115384615384 0.3858173076923077 0.04567307692307692 0.15144230769230768
0 0.6310096153846154 0.5132211538461539 0.16346153846153846 0.6129807692307693
0 0.8233173076923077 0.5673076923076923 0.20192307692307693 0.5913461538461539
0 0.9074519230769231 0.5528846153846154 0.10576923076923077 0.5288461538461539