0 0.04567307692307692 0.6730769230769231 0.09134615384615384 0.6490384615384616
0 0.1778846153846154 0.5985576923076923 0.08173076923076923 0.29086538461538464
0 0.3425480769230769 0.5985576923076923 0.055288461538461536 0.24759615384615385
0 0.3786057692307692 0.6165865384615384 0.09134615384615384 0.32211538461538464
0 0.4411057692307692 0.5901442307692307 0.06009615384615385 0.2692307692307692
0 0.5216346153846154 0.6129807692307693 0.07692307692307693 0.28125
0 0.6382211538461539 0.49399038461538464 0.04567307692307692 0.12259615384615384
0 0.7127403846153846 0.5384615384615384 0.052884615384615384 0.21634615384615385
0 0.7620192307692307 0.5300480769230769 0.040865384615384616 0.2403846153846154
0 0.8221153846153846 0.703125 0.16105769230769232 0.5697115384615384
0 0.7896634615384616 0.5300480769230769 0.055288461538461536 0.24759615384615385
0 0.8774038461538461 0.4579326923076923 0.028846153846153848 0.0985576923076923
0 0.9326923076923077 0.6766826923076923 0.10096153846153846 0.5144230769230769
0 0.9567307692307693 0.6502403846153846 0.040865384615384616 0.39663461538461536
0 0.9639423076923077 0.47475961538461536 0.02403846153846154 0.0985576923076923
0 0.9855769230769231 0.6057692307692307 0.02403846153846154 0.36538461538461536