0 0.018028846153846152 0.3713942307692308 0.036057692307692304 0.0889423076923077
0 0.06009615384615385 0.06850961538461539 0.07932692307692307 0.11778846153846154
0 0.19831730769230768 0.765625 0.0985576923076923 0.19230769230769232
0 0.30288461538461536 0.5745192307692307 0.08653846153846154 0.16346153846153846
0 0.39663461538461536 0.2608173076923077 0.05048076923076923 0.15865384615384615
0 0.4362980769230769 0.5540865384615384 0.1201923076923077 0.15144230769230768
0 0.4375 0.84375 0.09615384615384616 0.3076923076923077
0 0.4338942307692308 0.6165865384615384 0.06971153846153846 0.13221153846153846
0 0.4807692307692308 0.7451923076923077 0.057692307692307696 0.23317307692307693
0 0.4855769230769231 0.3762019230769231 0.0625 0.10576923076923077
0 0.5444711538461539 0.3557692307692308 0.06971153846153846 0.11778846153846154
0 0.8088942307692307 0.9230769230769231 0.12740384615384615 0.14903846153846154
0 0.7980769230769231 0.5204326923076923 0.08173076923076923 0.18509615384615385
0 0.8389423076923077 0.9278846153846154 0.06009615384615385 0.14182692307692307
0 0.9134615384615384 0.47596153846153844 0.0673076923076923 0.2668269230769231