0 0.014423076923076924 0.8100961538461539 0.028846153846153848 0.019230769230769232
0 0.06490384615384616 0.8329326923076923 0.04567307692307692 0.07692307692307693
0 0.2644230769230769 0.7668269230769231 0.3293269230769231 0.17307692307692307
0 0.234375 0.6442307692307693 0.021634615384615384 0.08173076923076923
0 0.2512019230769231 0.6754807692307693 0.019230769230769232 0.052884615384615384
0 0.2644230769230769 0.6634615384615384 0.02403846153846154 0.04326923076923077
0 0.2932692307692308 0.65625 0.028846153846153848 0.052884615384615384
0 0.4423076923076923 0.6526442307692307 0.026442307692307692 0.052884615384615384
0 0.7379807692307693 0.5492788461538461 0.019230769230769232 0.08653846153846154
0 0.8233173076923077 0.6430288461538461 0.14423076923076922 0.10576923076923077
0 0.8834134615384616 0.5637019230769231 0.03365384615384615 0.10096153846153846
0 0.9387019230769231 0.6682692307692307 0.057692307692307696 0.11538461538461539
0 0.9771634615384616 0.5997596153846154 0.04326923076923077 0.07451923076923077