0 0.09975961538461539 0.5877403846153846 0.04326923076923077 0.15865384615384615
0 0.12740384615384615 0.5805288461538461 0.06490384615384616 0.16826923076923078
0 0.18028846153846154 0.5564903846153846 0.06971153846153846 0.22115384615384615
0 0.22235576923076922 0.5360576923076923 0.05048076923076923 0.21875
0 0.2548076923076923 0.5408653846153846 0.06009615384615385 0.25
0 0.30288461538461536 0.5228365384615384 0.07932692307692307 0.30528846153846156
0 0.3581730769230769 0.5228365384615384 0.10096153846153846 0.3245192307692308
0 0.43149038461538464 0.49759615384615385 0.12980769230769232 0.35336538461538464
0 0.5276442307692307 0.4567307692307692 0.15384615384615385 0.43028846153846156
0 0.6634615384615384 0.4110576923076923 0.19230769230769232 0.5528846153846154
0 0.8461538461538461 0.41346153846153844 0.24759615384615385 0.625
0 0.9795673076923077 0.6370192307692307 0.036057692307692304 0.1346153846153846