0 0.06490384615384616 0.6550480769230769 0.12980769230769232 0.13701923076923078
0 0.1346153846153846 0.6887019230769231 0.040865384615384616 0.15865384615384615
0 0.15985576923076922 0.7295673076923077 0.026442307692307692 0.09375
0 0.1971153846153846 0.6706730769230769 0.04326923076923077 0.07451923076923077
0 0.26802884615384615 0.6887019230769231 0.10576923076923077 0.1971153846153846
0 0.34134615384615385 0.7043269230769231 0.036057692307692304 0.20192307692307693
0 0.3701923076923077 0.6586538461538461 0.021634615384615384 0.040865384615384616
0 0.40024038461538464 0.640625 0.03365384615384615 0.052884615384615384
0 0.4254807692307692 0.6322115384615384 0.04326923076923077 0.06971153846153846
0 0.46274038461538464 0.6454326923076923 0.040865384615384616 0.04326923076923077
0 0.49158653846153844 0.6430288461538461 0.021634615384615384 0.055288461538461536
0 0.515625 0.7223557692307693 0.055288461538461536 0.24278846153846154
0 0.5252403846153846 0.6189903846153846 0.02403846153846154 0.0625
0 0.5649038461538461 0.7043269230769231 0.06009615384615385 0.12740384615384615
0 0.5973557692307693 0.7151442307692307 0.07451923076923077 0.13701923076923078
0 0.6995192307692307 0.6658653846153846 0.028846153846153848 0.038461538461538464
0 0.7295673076923077 0.6682692307692307 0.021634615384615384 0.03365384615384615
0 0.796875 0.7247596153846154 0.055288461538461536 0.23557692307692307