0 0.008413461538461538 0.4026442307692308 0.016826923076923076 0.07451923076923077
0 0.21033653846153846 0.39783653846153844 0.040865384615384616 0.06490384615384616
0 0.23557692307692307 0.4050480769230769 0.021634615384615384 0.07211538461538461
0 0.2536057692307692 0.39783653846153844 0.016826923076923076 0.06490384615384616
0 0.3161057692307692 0.3954326923076923 0.03365384615384615 0.0673076923076923
0 0.3088942307692308 0.3942307692307692 0.019230769230769232 0.052884615384615384
0 0.31971153846153844 0.39783653846153844 0.019230769230769232 0.057692307692307696
0 0.39663461538461536 0.40865384615384615 0.028846153846153848 0.0889423076923077
0 0.5240384615384616 0.6959134615384616 0.25240384615384615 0.5841346153846154
0 0.41947115384615385 0.3894230769230769 0.016826923076923076 0.04807692307692308
0 0.4230769230769231 0.3942307692307692 0.019230769230769232 0.06971153846153846
0 0.4567307692307692 0.40024038461538464 0.02403846153846154 0.0889423076923077
0 0.45913461538461536 0.3942307692307692 0.01201923076923077 0.07692307692307693
0 0.4891826923076923 0.4423076923076923 0.055288461538461536 0.11538461538461539
0 0.5673076923076923 0.39783653846153844 0.18269230769230768 0.10336538461538461
0 0.5240384615384616 0.4074519230769231 0.0889423076923077 0.11778846153846154
0 0.5564903846153846 0.44711538461538464 0.036057692307692304 0.13942307692307693
0 0.6105769230769231 0.390625 0.08653846153846154 0.07211538461538461
0 0.625 0.46274038461538464 0.052884615384615384 0.15384615384615385
0 0.6454326923076923 0.44591346153846156 0.021634615384615384 0.12740384615384615
0 0.6730769230769231 0.4567307692307692 0.036057692307692304 0.17067307692307693
0 0.7247596153846154 0.53125 0.10817307692307693 0.35096153846153844
0 0.7295673076923077 0.4495192307692308 0.03125 0.17067307692307693
0 0.7776442307692307 0.4254807692307692 0.03365384615384615 0.12740384615384615
0 0.8016826923076923 0.4230769230769231 0.04567307692307692 0.11778846153846154
0 0.8064903846153846 0.43990384615384615 0.036057692307692304 0.15625
0 0.8942307692307693 0.46033653846153844 0.2091346153846154 0.23076923076923078
0 0.8305288461538461 0.47475961538461536 0.03365384615384615 0.1658653846153846
0 0.8858173076923077 0.40625 0.12980769230769232 0.15144230769230768
0 0.8377403846153846 0.4254807692307692 0.02403846153846154 0.13942307692307693
0 0.8509615384615384 0.44711538461538464 0.04567307692307692 0.1466346153846154
0 0.8822115384615384 0.47716346153846156 0.036057692307692304 0.18990384615384615
0 0.9170673076923077 0.4567307692307692 0.036057692307692304 0.17067307692307693
0 0.9555288461538461 0.3485576923076923 0.036057692307692304 0.052884615384615384
0 0.9711538461538461 0.3485576923076923 0.052884615384615384 0.06009615384615385
0 0.9663461538461539 0.44471153846153844 0.036057692307692304 0.15144230769230768
0 0.9807692307692307 0.4699519230769231 0.03365384615384615 0.17548076923076922
0 0.9783653846153846 0.3545673076923077 0.021634615384615384 0.08173076923076923