0 0.030048076923076924 0.46153846153846156 0.06009615384615385 0.38461538461538464
0 0.051682692307692304 0.4014423076923077 0.052884615384615384 0.29086538461538464
0 0.06009615384615385 0.296875 0.03125 0.0625
0 0.10697115384615384 0.3605769230769231 0.07211538461538461 0.2091346153846154
0 0.19230769230769232 0.7644230769230769 0.23798076923076922 0.46634615384615385
0 0.13221153846153846 0.3557692307692308 0.028846153846153848 0.18028846153846154
0 0.15384615384615385 0.3076923076923077 0.016826923076923076 0.10096153846153846
0 0.16947115384615385 0.3112980769230769 0.014423076923076924 0.04807692307692308
0 0.18509615384615385 0.36177884615384615 0.03365384615384615 0.12740384615384615
0 0.203125 0.3858173076923077 0.038461538461538464 0.14182692307692307
0 0.23677884615384615 0.39903846153846156 0.06009615384615385 0.16826923076923078
0 0.2800480769230769 0.4699519230769231 0.08173076923076923 0.27403846153846156
0 0.28725961538461536 0.34375 0.05048076923076923 0.08173076923076923
0 0.35697115384615385 0.6189903846153846 0.12740384615384615 0.5048076923076923
0 0.31971153846153844 0.3798076923076923 0.03365384615384615 0.12740384615384615
0 0.35096153846153844 0.3401442307692308 0.026442307692307692 0.057692307692307696
0 0.36899038461538464 0.33533653846153844 0.03365384615384615 0.06971153846153846
0 0.37259615384615385 0.3449519230769231 0.03125 0.05048076923076923
0 0.40865384615384615 0.4651442307692308 0.04807692307692308 0.29086538461538464
0 0.43509615384615385 0.4050480769230769 0.05048076923076923 0.12980769230769232
0 0.46634615384615385 0.5757211538461539 0.10096153846153846 0.3894230769230769
0 0.48677884615384615 0.4014423076923077 0.057692307692307696 0.1201923076923077
0 0.5516826923076923 0.6802884615384616 0.14182692307692307 0.6129807692307693
0 0.5168269230769231 0.37259615384615385 0.028846153846153848 0.0673076923076923
0 0.5745192307692307 0.5300480769230769 0.07932692307692307 0.38461538461538464
0 0.5552884615384616 0.32572115384615385 0.028846153846153848 0.040865384615384616
0 0.5949519230769231 0.3605769230769231 0.03365384615384615 0.0889423076923077
0 0.6394230769230769 0.5060096153846154 0.0625 0.3557692307692308
0 0.6694711538461539 0.5757211538461539 0.10817307692307693 0.41346153846153844
0 0.7632211538461539 0.7115384615384616 0.20673076923076922 0.5649038461538461
0 0.7223557692307693 0.4014423076923077 0.038461538461538464 0.12740384615384615
0 0.7740384615384616 0.47716346153846156 0.07451923076923077 0.2283653846153846
0 0.8040865384615384 0.6105769230769231 0.08173076923076923 0.34134615384615385
0 0.7764423076923077 0.34975961538461536 0.019230769230769232 0.03125
0 0.8257211538461539 0.4699519230769231 0.06009615384615385 0.25
0 0.8629807692307693 0.44471153846153844 0.04326923076923077 0.17548076923076922
0 0.9314903846153846 0.6526442307692307 0.1346153846153846 0.5769230769230769
0 0.9158653846153846 0.421875 0.04807692307692308 0.12980769230769232