0 0.8641826923076923 0.8485576923076923 0.06971153846153846 0.27163461538461536
0 0.5048076923076923 0.7764423076923077 0.016826923076923076 0.026442307692307692
0 0.5336538461538461 0.78125 0.01201923076923077 0.019230769230769232
0 0.5504807692307693 0.78125 0.014423076923076924 0.026442307692307692
0 0.5757211538461539 0.7740384615384616 0.02403846153846154 0.04326923076923077
0 0.5913461538461539 0.8221153846153846 0.04326923076923077 0.1466346153846154
0 0.6358173076923077 0.8185096153846154 0.057692307692307696 0.15865384615384615
0 0.7163461538461539 0.8100961538461539 0.02403846153846154 0.10817307692307693
0 0.7331730769230769 0.8197115384615384 0.026442307692307692 0.11057692307692307
0 0.765625 0.8317307692307693 0.05048076923076923 0.23317307692307693
0 0.7872596153846154 0.7824519230769231 0.009615384615384616 0.036057692307692304
0 0.8064903846153846 0.8293269230769231 0.036057692307692304 0.1466346153846154
0 0.8161057692307693 0.7956730769230769 0.01201923076923077 0.0673076923076923
0 0.8894230769230769 0.8185096153846154 0.038461538461538464 0.2091346153846154
0 0.9242788461538461 0.8317307692307693 0.04326923076923077 0.19471153846153846
0 0.9675480769230769 0.8329326923076923 0.03365384615384615 0.16105769230769232