0 0.7319711538461539 0.7223557692307693 0.08173076923076923 0.15384615384615385
0 0.06971153846153846 0.4579326923076923 0.03365384615384615 0.09375
0 0.1814903846153846 0.6838942307692307 0.16105769230769232 0.15865384615384615
0 0.1658653846153846 0.5709134615384616 0.06009615384615385 0.08653846153846154
0 0.28966346153846156 0.7584134615384616 0.13701923076923078 0.22115384615384615
0 0.3233173076923077 0.5564903846153846 0.04567307692307692 0.19230769230769232
0 0.4963942307692308 0.6538461538461539 0.28365384615384615 0.6899038461538461
0 0.8317307692307693 0.828125 0.17067307692307693 0.22355769230769232
0 0.8293269230769231 0.6646634615384616 0.028846153846153848 0.07692307692307693
0 0.8665865384615384 0.6670673076923077 0.028846153846153848 0.06971153846153846
0 0.8858173076923077 0.6622596153846154 0.01201923076923077 0.057692307692307696
0 0.9555288461538461 0.6838942307692307 0.021634615384615384 0.07451923076923077