0 0.027644230769230768 0.5204326923076923 0.03365384615384615 0.0985576923076923
0 0.056490384615384616 0.6105769230769231 0.036057692307692304 0.34615384615384615
0 0.1141826923076923 0.6658653846153846 0.10576923076923077 0.4182692307692308
0 0.15144230769230768 0.5985576923076923 0.055288461538461536 0.29086538461538464
0 0.20673076923076922 0.6262019230769231 0.10336538461538461 0.40865384615384615
0 0.21634615384615385 0.45072115384615385 0.03365384615384615 0.07692307692307693
0 0.2608173076923077 0.6225961538461539 0.08173076923076923 0.375
0 0.24759615384615385 0.45552884615384615 0.03365384615384615 0.08413461538461539
0 0.3088942307692308 0.6177884615384616 0.0625 0.30528846153846156
0 0.3545673076923077 0.6237980769230769 0.0985576923076923 0.3870192307692308
0 0.4098557692307692 0.6177884615384616 0.07451923076923077 0.3581730769230769
0 0.42908653846153844 0.5961538461538461 0.052884615384615384 0.32211538461538464
0 0.4795673076923077 0.6117788461538461 0.10576923076923077 0.4735576923076923
0 0.5336538461538461 0.5985576923076923 0.08653846153846154 0.4326923076923077
0 0.5673076923076923 0.6189903846153846 0.06971153846153846 0.33413461538461536
0 0.5913461538461539 0.5504807692307693 0.08173076923076923 0.2860576923076923
0 0.6370192307692307 0.5745192307692307 0.0625 0.32211538461538464
0 0.6622596153846154 0.5612980769230769 0.052884615384615384 0.30288461538461536
0 0.6875 0.5949519230769231 0.09375 0.43990384615384615
0 0.7319711538461539 0.5949519230769231 0.040865384615384616 0.39663461538461536
0 0.7512019230769231 0.5348557692307693 0.038461538461538464 0.24278846153846154
0 0.78125 0.5673076923076923 0.05048076923076923 0.31971153846153844
0 0.8112980769230769 0.5552884615384616 0.038461538461538464 0.2403846153846154
0 0.8762019230769231 0.6274038461538461 0.12259615384615384 0.5168269230769231
0 0.8329326923076923 0.4411057692307692 0.016826923076923076 0.036057692307692304
0 0.8485576923076923 0.43990384615384615 0.014423076923076924 0.038461538461538464
0 0.9194711538461539 0.5889423076923077 0.06009615384615385 0.3894230769230769
0 0.9350961538461539 0.5444711538461539 0.052884615384615384 0.3173076923076923
0 0.9495192307692307 0.5204326923076923 0.038461538461538464 0.15865384615384615
0 0.9927884615384616 0.47115384615384615 0.009615384615384616 0.09615384615384616