0 0.055288461538461536 0.6850961538461539 0.11057692307692307 0.5841346153846154
0 0.34615384615384615 0.45913461538461536 0.11538461538461539 0.4519230769230769
0 0.6622596153846154 0.8233173076923077 0.18509615384615385 0.35096153846153844
0 0.6790865384615384 0.5024038461538461 0.12740384615384615 0.3245192307692308
0 0.7271634615384616 0.5060096153846154 0.13942307692307693 0.3173076923076923
0 0.8016826923076923 0.5048076923076923 0.11298076923076923 0.3317307692307692
0 0.8533653846153846 0.8389423076923077 0.20192307692307693 0.31971153846153844
0 0.8954326923076923 0.4483173076923077 0.07692307692307693 0.20192307692307693
0 0.9314903846153846 0.49038461538461536 0.13221153846153846 0.33653846153846156
0 0.9423076923076923 0.8449519230769231 0.11057692307692307 0.30528846153846156
0 0.9819711538461539 0.3629807692307692 0.03125 0.16826923076923078