0 0.6322115384615384 0.6069711538461539 0.12980769230769232 0.6802884615384616
0 0.01201923076923077 0.5757211538461539 0.014423076923076924 0.06971153846153846
0 0.027644230769230768 0.5961538461538461 0.019230769230769232 0.036057692307692304
0 0.04927884615384615 0.546875 0.021634615384615384 0.07932692307692307
0 0.06850961538461539 0.53125 0.004807692307692308 0.026442307692307692
0 0.08774038461538461 0.5793269230769231 0.016826923076923076 0.057692307692307696
0 0.10336538461538461 0.5420673076923077 0.016826923076923076 0.06490384615384616
0 0.1310096153846154 0.5492788461538461 0.02403846153846154 0.07451923076923077
0 0.14903846153846154 0.5288461538461539 0.009615384615384616 0.038461538461538464
0 0.15865384615384615 0.5276442307692307 0.009615384615384616 0.036057692307692304
0 0.17427884615384615 0.5516826923076923 0.021634615384615384 0.10576923076923077
0 0.21995192307692307 0.5492788461538461 0.021634615384615384 0.10096153846153846
0 0.3942307692307692 0.484375 0.15625 0.46634615384615385
0 0.5036057692307693 0.4987980769230769 0.10096153846153846 0.4110576923076923
0 0.7331730769230769 0.44350961538461536 0.03365384615384615 0.06009615384615385
0 0.7536057692307693 0.2980769230769231 0.03125 0.036057692307692304