0 0.4362980769230769 0.6334134615384616 0.12740384615384615 0.5841346153846154
0 0.16947115384615385 0.4639423076923077 0.03125 0.08413461538461539
0 0.23197115384615385 0.5889423076923077 0.052884615384615384 0.25961538461538464
0 0.3004807692307692 0.5120192307692307 0.10576923076923077 0.08653846153846154
0 0.28725961538461536 0.5877403846153846 0.057692307692307696 0.22115384615384615
0 0.36899038461538464 0.5012019230769231 0.08173076923076923 0.18028846153846154
0 0.5108173076923077 0.45552884615384615 0.036057692307692304 0.09375
0 0.6550480769230769 0.4831730769230769 0.021634615384615384 0.052884615384615384
0 0.7524038461538461 0.5793269230769231 0.0673076923076923 0.28846153846153844
0 0.8112980769230769 0.6045673076923077 0.06971153846153846 0.29086538461538464
0 0.9495192307692307 0.6670673076923077 0.0985576923076923 0.5649038461538461
0 0.9495192307692307 0.6646634615384616 0.06490384615384616 0.44471153846153844