0 0.016826923076923076 0.8942307692307693 0.03365384615384615 0.10576923076923077
0 0.06370192307692307 0.9134615384615384 0.038461538461538464 0.15625
0 0.2848557692307692 0.5745192307692307 0.46153846153846156 0.038461538461538464
0 0.08173076923076923 0.8990384615384616 0.021634615384615384 0.1201923076923077
0 0.12620192307692307 0.9627403846153846 0.055288461538461536 0.06971153846153846
0 0.1466346153846154 0.8918269230769231 0.05048076923076923 0.13701923076923078
0 0.13822115384615385 0.4098557692307692 0.014423076923076924 0.06009615384615385
0 0.15384615384615385 0.4026442307692308 0.016826923076923076 0.03125
0 0.1814903846153846 0.9579326923076923 0.06009615384615385 0.07932692307692307
0 0.20673076923076922 0.9002403846153846 0.05048076923076923 0.06971153846153846
0 0.22596153846153846 0.9651442307692307 0.038461538461538464 0.0673076923076923
0 0.23317307692307693 0.8269230769230769 0.038461538461538464 0.09134615384615384
0 0.265625 0.8245192307692307 0.026442307692307692 0.1201923076923077
0 0.3004807692307692 0.9651442307692307 0.04807692307692308 0.06490384615384616
0 0.34134615384615385 0.9615384615384616 0.038461538461538464 0.07451923076923077
0 0.3545673076923077 0.8040865384615384 0.02403846153846154 0.036057692307692304
0 0.3870192307692308 0.7848557692307693 0.021634615384615384 0.038461538461538464
0 0.4651442307692308 0.9014423076923077 0.014423076923076924 0.04326923076923077
0 0.4795673076923077 0.8305288461538461 0.019230769230769232 0.10576923076923077
0 0.5024038461538461 0.7980769230769231 0.03365384615384615 0.10576923076923077
0 0.515625 0.7896634615384616 0.021634615384615384 0.09375
0 0.5264423076923077 0.8425480769230769 0.026442307692307692 0.07692307692307693
0 0.5564903846153846 0.7920673076923077 0.02403846153846154 0.10817307692307693
0 0.5612980769230769 0.8822115384615384 0.02403846153846154 0.08653846153846154
0 0.5733173076923077 0.7884615384615384 0.019230769230769232 0.11057692307692307
0 0.5925480769230769 0.8233173076923077 0.021634615384615384 0.07211538461538461
0 0.59375 0.7644230769230769 0.02403846153846154 0.052884615384615384
0 0.6057692307692307 0.8161057692307693 0.021634615384615384 0.09375
0 0.6490384615384616 0.9050480769230769 0.052884615384615384 0.10576923076923077
0 0.6706730769230769 0.7680288461538461 0.03125 0.09134615384615384
0 0.7271634615384616 0.7668269230769231 0.036057692307692304 0.0889423076923077
0 0.7788461538461539 0.875 0.06009615384615385 0.0889423076923077
0 0.7644230769230769 0.7764423076923077 0.019230769230769232 0.08653846153846154
0 0.7980769230769231 0.7716346153846154 0.03365384615384615 0.07211538461538461
0 0.7980769230769231 0.7295673076923077 0.019230769230769232 0.04326923076923077
0 0.7992788461538461 0.6802884615384616 0.019230769230769232 0.04807692307692308
0 0.8149038461538461 0.7439903846153846 0.021634615384615384 0.08173076923076923
0 0.8413461538461539 0.7355769230769231 0.021634615384615384 0.07211538461538461
0 0.8509615384615384 0.7295673076923077 0.019230769230769232 0.06009615384615385
0 0.8641826923076923 0.7788461538461539 0.028846153846153848 0.057692307692307696
0 0.8942307692307693 0.8257211538461539 0.03365384615384615 0.04807692307692308
0 0.9182692307692307 0.7271634615384616 0.02403846153846154 0.07451923076923077
0 0.9302884615384616 0.7211538461538461 0.019230769230769232 0.07211538461538461
0 0.9771634615384616 0.8028846153846154 0.040865384615384616 0.052884615384615384
0 0.9651442307692307 0.7560096153846154 0.01201923076923077 0.057692307692307696
0 0.9711538461538461 0.6923076923076923 0.02403846153846154 0.04807692307692308
0 0.9927884615384616 0.7043269230769231 0.01201923076923077 0.03125