0 0.20192307692307693 0.40024038461538464 0.036057692307692304 0.057692307692307696
0 0.22596153846153846 0.32091346153846156 0.02403846153846154 0.08413461538461539
0 0.2283653846153846 0.44350961538461536 0.019230769230769232 0.038461538461538464
0 0.25240384615384615 0.8569711538461539 0.0625 0.09375
0 0.2692307692307692 0.7824519230769231 0.04567307692307692 0.07211538461538461
0 0.27163461538461536 0.7367788461538461 0.040865384615384616 0.0985576923076923
0 0.29086538461538464 0.9290865384615384 0.0625 0.13701923076923078
0 0.3137019230769231 0.578125 0.04326923076923077 0.11778846153846154
0 0.3425480769230769 0.6478365384615384 0.038461538461538464 0.08173076923076923
0 0.34615384615384615 0.7487980769230769 0.026442307692307692 0.12259615384615384
0 0.359375 0.3173076923076923 0.019230769230769232 0.0985576923076923
0 0.3629807692307692 0.5384615384615384 0.026442307692307692 0.11298076923076923
0 0.36177884615384615 0.1935096153846154 0.019230769230769232 0.09134615384615384
0 0.3858173076923077 0.3713942307692308 0.019230769230769232 0.0673076923076923
0 0.390625 0.13701923076923078 0.019230769230769232 0.04326923076923077
0 0.38822115384615385 0.16706730769230768 0.014423076923076924 0.04567307692307692
0 0.39903846153846156 0.2548076923076923 0.02403846153846154 0.0889423076923077
0 0.41586538461538464 0.16826923076923078 0.016826923076923076 0.07451923076923077
0 0.4375 0.9086538461538461 0.055288461538461536 0.0889423076923077
0 0.6009615384615384 0.35096153846153844 0.021634615384615384 0.11057692307692307
0 0.6225961538461539 0.33533653846153844 0.019230769230769232 0.09615384615384616
0 0.6947115384615384 0.5432692307692307 0.06009615384615385 0.09134615384615384
0 0.8305288461538461 0.5 0.036057692307692304 0.07932692307692307
0 0.9266826923076923 0.5516826923076923 0.03365384615384615 0.06490384615384616