0 0.055288461538461536 0.19831730769230768 0.11057692307692307 0.3798076923076923
0 0.20793269230769232 0.6670673076923077 0.41586538461538464 0.6634615384615384
0 0.0673076923076923 0.04927884615384615 0.026442307692307692 0.07692307692307693
0 0.10817307692307693 0.021634615384615384 0.028846153846153848 0.03365384615384615
0 0.15745192307692307 0.1466346153846154 0.040865384615384616 0.10096153846153846
0 0.1814903846153846 0.11298076923076923 0.057692307692307696 0.15144230769230768
0 0.26322115384615385 0.10336538461538461 0.09134615384615384 0.20673076923076922
0 0.3137019230769231 0.1814903846153846 0.0889423076923077 0.2644230769230769
0 0.3918269230769231 0.22956730769230768 0.08413461538461539 0.2620192307692308
0 0.3786057692307692 0.039663461538461536 0.021634615384615384 0.02403846153846154
0 0.4074519230769231 0.04567307692307692 0.07211538461538461 0.0889423076923077
0 0.41225961538461536 0.1502403846153846 0.07451923076923077 0.2692307692307692
0 0.5420673076923077 0.7836538461538461 0.24759615384615385 0.43028846153846156
0 0.44591346153846156 0.05048076923076923 0.028846153846153848 0.055288461538461536
0 0.4579326923076923 0.12980769230769232 0.028846153846153848 0.12740384615384615
0 0.4543269230769231 0.04927884615384615 0.016826923076923076 0.052884615384615384
0 0.4699519230769231 0.052884615384615384 0.014423076923076924 0.036057692307692304
0 0.484375 0.038461538461538464 0.014423076923076924 0.026442307692307692
0 0.49759615384615385 0.06370192307692307 0.036057692307692304 0.10817307692307693
0 0.5120192307692307 0.03245192307692308 0.016826923076923076 0.02403846153846154
0 0.5564903846153846 0.14423076923076922 0.038461538461538464 0.08173076923076923
0 0.5829326923076923 0.1466346153846154 0.038461538461538464 0.11298076923076923
0 0.6081730769230769 0.12980769230769232 0.016826923076923076 0.038461538461538464
0 0.6778846153846154 0.1502403846153846 0.02403846153846154 0.07451923076923077