0 0.06129807692307692 0.5024038461538461 0.01201923076923077 0.06971153846153846
0 0.07451923076923077 0.5108173076923077 0.036057692307692304 0.08653846153846154
0 0.09134615384615384 0.5600961538461539 0.052884615384615384 0.20673076923076922
0 0.13581730769230768 0.5276442307692307 0.021634615384615384 0.14903846153846154
0 0.14182692307692307 0.5516826923076923 0.026442307692307692 0.14903846153846154
0 0.16947115384615385 0.5324519230769231 0.03365384615384615 0.15144230769230768
0 0.18629807692307693 0.5276442307692307 0.026442307692307692 0.14182692307692307
0 0.22355769230769232 0.5192307692307693 0.03365384615384615 0.14423076923076922
0 0.25600961538461536 0.5324519230769231 0.036057692307692304 0.15865384615384615
0 0.3004807692307692 0.5444711538461539 0.04326923076923077 0.1875
0 0.3401442307692308 0.5444711538461539 0.04567307692307692 0.17548076923076922
0 0.41947115384615385 0.6033653846153846 0.0673076923076923 0.24278846153846154
0 0.44350961538461536 0.6286057692307693 0.07692307692307693 0.3245192307692308
0 0.515625 0.6213942307692307 0.06490384615384616 0.23076923076923078
0 0.5228365384615384 0.5889423076923077 0.04326923076923077 0.2644230769230769
0 0.6141826923076923 0.5576923076923077 0.057692307692307696 0.18990384615384615
0 0.6766826923076923 0.5817307692307693 0.052884615384615384 0.28846153846153844
0 0.7439903846153846 0.5637019230769231 0.04807692307692308 0.18509615384615385
0 0.7632211538461539 0.5456730769230769 0.021634615384615384 0.15144230769230768
0 0.7944711538461539 0.5504807692307693 0.036057692307692304 0.19951923076923078
0 0.8257211538461539 0.5552884615384616 0.036057692307692304 0.1658653846153846
0 0.8629807692307693 0.5721153846153846 0.055288461538461536 0.21634615384615385
0 0.9278846153846154 0.5889423076923077 0.04567307692307692 0.22596153846153846
0 0.9783653846153846 0.5492788461538461 0.038461538461538464 0.1778846153846154