0 0.14182692307692307 0.15144230769230768 0.10336538461538461 0.12740384615384615
0 0.29447115384615385 0.6213942307692307 0.375 0.5721153846153846
0 0.18629807692307693 0.2764423076923077 0.1466346153846154 0.23076923076923078
0 0.17548076923076922 0.13822115384615385 0.07211538461538461 0.12259615384615384
0 0.30288461538461536 0.16466346153846154 0.10336538461538461 0.20432692307692307
0 0.3762019230769231 0.2403846153846154 0.1201923076923077 0.14903846153846154
0 0.6646634615384616 0.5612980769230769 0.375 0.7043269230769231
0 0.5829326923076923 0.1502403846153846 0.11298076923076923 0.21634615384615385
0 0.5805288461538461 0.28725961538461536 0.0985576923076923 0.19230769230769232
0 0.6766826923076923 0.16826923076923078 0.10576923076923077 0.19471153846153846
0 0.78125 0.2668269230769231 0.1466346153846154 0.23557692307692307
0 0.9074519230769231 0.4495192307692308 0.18028846153846154 0.4375
0 0.9194711538461539 0.22235576923076922 0.09375 0.125
0 0.9350961538461539 0.7632211538461539 0.125 0.40625