0 0.5336538461538461 0.8197115384615384 0.08653846153846154 0.19951923076923078
0 0.038461538461538464 0.8990384615384616 0.07692307692307693 0.1971153846153846
0 0.07572115384615384 0.8100961538461539 0.0673076923076923 0.11538461538461539
0 0.21634615384615385 0.890625 0.28365384615384615 0.21394230769230768
0 0.20072115384615385 0.7716346153846154 0.03365384615384615 0.06490384615384616
0 0.27163461538461536 0.8028846153846154 0.03365384615384615 0.1201923076923077
0 0.35216346153846156 0.8317307692307693 0.07451923076923077 0.19471153846153846
0 0.42427884615384615 0.8413461538461539 0.08413461538461539 0.21634615384615385
0 0.6153846153846154 0.7872596153846154 0.028846153846153848 0.055288461538461536
0 0.7211538461538461 0.7848557692307693 0.03125 0.0625
0 0.8233173076923077 0.7475961538461539 0.021634615384615384 0.0625
0 0.90625 0.8076923076923077 0.08653846153846154 0.18269230769230768
0 0.9663461538461539 0.7536057692307693 0.021634615384615384 0.06490384615384616
0 0.9819711538461539 0.7548076923076923 0.03365384615384615 0.07211538461538461