0 0.9555288461538461 0.6526442307692307 0.07451923076923077 0.3245192307692308
0 0.016826923076923076 0.5673076923076923 0.03365384615384615 0.10096153846153846
0 0.054086538461538464 0.5637019230769231 0.03125 0.09375
0 0.34134615384615385 0.546875 0.03125 0.09375
0 0.38100961538461536 0.5552884615384616 0.019230769230769232 0.09134615384615384
0 0.4699519230769231 0.6105769230769231 0.052884615384615384 0.10336538461538461
0 0.5192307692307693 0.6334134615384616 0.04807692307692308 0.21634615384615385
0 0.5853365384615384 0.5336538461538461 0.016826923076923076 0.04326923076923077
0 0.5973557692307693 0.5396634615384616 0.021634615384615384 0.03365384615384615
0 0.6213942307692307 0.5348557692307693 0.014423076923076924 0.03365384615384615
0 0.6394230769230769 0.5396634615384616 0.01201923076923077 0.03365384615384615
0 0.6550480769230769 0.5300480769230769 0.016826923076923076 0.038461538461538464
0 0.6694711538461539 0.5925480769230769 0.03365384615384615 0.13701923076923078
0 0.6802884615384616 0.5216346153846154 0.014423076923076924 0.038461538461538464
0 0.7427884615384616 0.5060096153846154 0.021634615384615384 0.06009615384615385