0 0.026442307692307692 0.5228365384615384 0.03125 0.06490384615384616
0 0.078125 0.5961538461538461 0.07692307692307693 0.10096153846153846
0 0.1466346153846154 0.6262019230769231 0.12980769230769232 0.14423076923076922
0 0.11298076923076923 0.5084134615384616 0.036057692307692304 0.036057692307692304
0 0.14543269230769232 0.5144230769230769 0.019230769230769232 0.03365384615384615
0 0.3329326923076923 0.796875 0.2956730769230769 0.4014423076923077
0 0.40384615384615385 0.5276442307692307 0.02403846153846154 0.052884615384615384
0 0.44471153846153844 0.5276442307692307 0.028846153846153848 0.055288461538461536
0 0.47475961538461536 0.5324519230769231 0.028846153846153848 0.06009615384615385
0 0.5072115384615384 0.5432692307692307 0.03365384615384615 0.06009615384615385
0 0.5372596153846154 0.5384615384615384 0.038461538461538464 0.07451923076923077
0 0.5540865384615384 0.546875 0.04567307692307692 0.08173076923076923
0 0.7007211538461539 0.48677884615384615 0.028846153846153848 0.06490384615384616
0 0.7223557692307693 0.4050480769230769 0.021634615384615384 0.057692307692307696
0 0.7524038461538461 0.4026442307692308 0.01201923076923077 0.036057692307692304
0 0.7848557692307693 0.40384615384615385 0.026442307692307692 0.057692307692307696
0 0.796875 0.4699519230769231 0.03125 0.07932692307692307
0 0.8233173076923077 0.3942307692307692 0.026442307692307692 0.06971153846153846
0 0.8317307692307693 0.4807692307692308 0.03365384615384615 0.057692307692307696
0 0.8629807692307693 0.3858173076923077 0.038461538461538464 0.0673076923076923