0 0.03245192307692308 0.9086538461538461 0.06490384615384616 0.1778846153846154
0 0.020432692307692308 0.8353365384615384 0.01201923076923077 0.13221153846153846
0 0.06610576923076923 0.7848557692307693 0.016826923076923076 0.05048076923076923
0 0.09735576923076923 0.9014423076923077 0.07211538461538461 0.19471153846153846
0 0.11899038461538461 0.8617788461538461 0.021634615384615384 0.11298076923076923
0 0.16706730769230768 0.7884615384615384 0.05048076923076923 0.057692307692307696
0 0.1622596153846154 0.9014423076923077 0.021634615384615384 0.1658653846153846
0 0.18269230769230768 0.9086538461538461 0.026442307692307692 0.11298076923076923
0 0.21754807692307693 0.8653846153846154 0.028846153846153848 0.11298076923076923
0 0.24278846153846154 0.8665865384615384 0.028846153846153848 0.13942307692307693
0 0.25961538461538464 0.7764423076923077 0.014423076923076924 0.04567307692307692
0 0.28365384615384615 0.8088942307692307 0.014423076923076924 0.028846153846153848
0 0.30649038461538464 0.9411057692307693 0.038461538461538464 0.11538461538461539
0 0.30288461538461536 0.8377403846153846 0.021634615384615384 0.0673076923076923
0 0.3233173076923077 0.8329326923076923 0.026442307692307692 0.10336538461538461
0 0.3485576923076923 0.9579326923076923 0.036057692307692304 0.0673076923076923
0 0.3449519230769231 0.8521634615384616 0.021634615384615384 0.125
0 0.3713942307692308 0.8858173076923077 0.02403846153846154 0.10817307692307693
0 0.3713942307692308 0.8064903846153846 0.01201923076923077 0.04567307692307692
0 0.39663461538461536 0.9615384615384616 0.057692307692307696 0.07211538461538461
0 0.38461538461538464 0.8088942307692307 0.02403846153846154 0.0625
0 0.390625 0.8774038461538461 0.014423076923076924 0.06971153846153846
0 0.40625 0.8353365384615384 0.019230769230769232 0.06490384615384616
0 0.4182692307692308 0.8894230769230769 0.014423076923076924 0.057692307692307696
0 0.4338942307692308 0.953125 0.036057692307692304 0.0889423076923077
0 0.4254807692307692 0.8305288461538461 0.014423076923076924 0.06490384615384616
0 0.4963942307692308 0.8004807692307693 0.14182692307692307 0.09615384615384616
0 0.44711538461538464 0.8858173076923077 0.026442307692307692 0.0985576923076923
0 0.44471153846153844 0.8173076923076923 0.019230769230769232 0.038461538461538464
0 0.46153846153846156 0.9627403846153846 0.038461538461538464 0.06971153846153846
0 0.4579326923076923 0.8149038461538461 0.016826923076923076 0.03365384615384615
0 0.4963942307692308 0.9350961538461539 0.040865384615384616 0.125
0 0.49399038461538464 0.8473557692307693 0.016826923076923076 0.052884615384615384
0 0.5420673076923077 0.9146634615384616 0.03125 0.1658653846153846
0 0.5709134615384616 0.9254807692307693 0.04326923076923077 0.14182692307692307
0 0.5949519230769231 0.9495192307692307 0.038461538461538464 0.0985576923076923
0 0.5913461538461539 0.8449519230769231 0.021634615384615384 0.07451923076923077
0 0.6225961538461539 0.9350961538461539 0.028846153846153848 0.125
0 0.6201923076923077 0.8197115384615384 0.007211538461538462 0.08413461538461539
0 0.6598557692307693 0.9350961538461539 0.03125 0.125
0 0.6850961538461539 0.8497596153846154 0.021634615384615384 0.08173076923076923
0 0.6850961538461539 0.8040865384615384 0.016826923076923076 0.04326923076923077
0 0.6995192307692307 0.9350961538461539 0.038461538461538464 0.12740384615384615
0 0.7163461538461539 0.8485576923076923 0.021634615384615384 0.0673076923076923
0 0.75 0.859375 0.028846153846153848 0.0985576923076923
0 0.7620192307692307 0.9411057692307693 0.04326923076923077 0.11538461538461539
0 0.7740384615384616 0.8401442307692307 0.026442307692307692 0.08413461538461539
0 0.7884615384615384 0.9350961538461539 0.040865384615384616 0.125
0 0.8245192307692307 0.9170673076923077 0.052884615384615384 0.16105769230769232
0 0.8954326923076923 0.8978365384615384 0.038461538461538464 0.15625
0 0.9242788461538461 0.8762019230769231 0.03365384615384615 0.13942307692307693
0 0.9447115384615384 0.9050480769230769 0.04567307692307692 0.17307692307692307