0 0.18629807692307693 0.546875 0.37259615384615385 0.9038461538461539
0 0.28725961538461536 0.5865384615384616 0.23317307692307693 0.8221153846153846
0 0.3076923076923077 0.40024038461538464 0.05048076923076923 0.11538461538461539
0 0.36177884615384615 0.6538461538461539 0.11778846153846154 0.59375
0 0.5036057692307693 0.6442307692307693 0.22355769230769232 0.7067307692307693
0 0.42788461538461536 0.4266826923076923 0.04567307692307692 0.14423076923076922
0 0.5324519230769231 0.4567307692307692 0.22115384615384615 0.46153846153846156
0 0.5612980769230769 0.38461538461538464 0.038461538461538464 0.08413461538461539
0 0.6538461538461539 0.6430288461538461 0.19230769230769232 0.7115384615384616
0 0.5745192307692307 0.36658653846153844 0.016826923076923076 0.055288461538461536
0 0.6935096153846154 0.6610576923076923 0.0985576923076923 0.6730769230769231
0 0.8605769230769231 0.6274038461538461 0.11538461538461539 0.5216346153846154
0 0.9567307692307693 0.6586538461538461 0.08173076923076923 0.6298076923076923
0 0.9663461538461539 0.6322115384615384 0.0625 0.5480769230769231