0 0.5144230769230769 0.3112980769230769 0.08413461538461539 0.16346153846153846
0 0.09975961538461539 0.7644230769230769 0.19951923076923078 0.46634615384615385
0 0.051682692307692304 0.2800480769230769 0.0889423076923077 0.5480769230769231
0 0.12259615384615384 0.13942307692307693 0.2283653846153846 0.27884615384615385
0 0.24519230769230768 0.3798076923076923 0.32211538461538464 0.47115384615384615
0 0.11057692307692307 0.10216346153846154 0.040865384615384616 0.06009615384615385
0 0.21754807692307693 0.6610576923076923 0.18269230769230768 0.4110576923076923
0 0.3425480769230769 0.4026442307692308 0.09375 0.2283653846153846
0 0.3954326923076923 0.2536057692307692 0.07692307692307693 0.23317307692307693
0 0.6262019230769231 0.35096153846153844 0.10576923076923077 0.15625
0 0.6598557692307693 0.3786057692307692 0.15384615384615385 0.28846153846153844
0 0.7175480769230769 0.43149038461538464 0.22115384615384615 0.3870192307692308
0 0.8846153846153846 0.6189903846153846 0.22596153846153846 0.49759615384615385