0 0.4411057692307692 0.4254807692307692 0.08173076923076923 0.23076923076923078
0 0.4723557692307692 0.4266826923076923 0.08413461538461539 0.23557692307692307
0 0.5060096153846154 0.4266826923076923 0.09615384615384616 0.25961538461538464
0 0.5360576923076923 0.4987980769230769 0.0625 0.2692307692307692
0 0.5769230769230769 0.3713942307692308 0.04807692307692308 0.1346153846153846
0 0.6057692307692307 0.4387019230769231 0.04807692307692308 0.11538461538461539
0 0.6105769230769231 0.35697115384615385 0.038461538461538464 0.08173076923076923
0 0.6286057692307693 0.34375 0.019230769230769232 0.07932692307692307
0 0.640625 0.44591346153846156 0.026442307692307692 0.09134615384615384
0 0.6694711538461539 0.3425480769230769 0.04567307692307692 0.07692307692307693
0 0.6706730769230769 0.4338942307692308 0.038461538461538464 0.1201923076923077
0 0.7019230769230769 0.44471153846153844 0.04807692307692308 0.11778846153846154
0 0.7091346153846154 0.3545673076923077 0.03125 0.0673076923076923
0 0.7427884615384616 0.4266826923076923 0.04326923076923077 0.13221153846153846
0 0.7355769230769231 0.3401442307692308 0.019230769230769232 0.0625
0 0.7752403846153846 0.38461538461538464 0.04326923076923077 0.0673076923076923
0 0.78125 0.4411057692307692 0.03125 0.10336538461538461
0 0.7824519230769231 0.34375 0.021634615384615384 0.055288461538461536
0 0.8185096153846154 0.3786057692307692 0.028846153846153848 0.06490384615384616
0 0.8233173076923077 0.4375 0.036057692307692304 0.09615384615384616
0 0.8557692307692307 0.4098557692307692 0.04326923076923077 0.16105769230769232
0 0.8786057692307693 0.41586538461538464 0.03365384615384615 0.13942307692307693
0 0.9182692307692307 0.42908653846153844 0.04326923076923077 0.10336538461538461
0 0.9615384615384616 0.42427884615384615 0.04567307692307692 0.10817307692307693