0 0.028846153846153848 0.5576923076923077 0.04567307692307692 0.07451923076923077
0 0.0625 0.6009615384615384 0.06490384615384616 0.14182692307692307
0 0.05889423076923077 0.5540865384615384 0.026442307692307692 0.055288461538461536
0 0.10216346153846154 0.6875 0.0625 0.3076923076923077
0 0.14903846153846154 0.640625 0.036057692307692304 0.2692307692307692
0 0.18269230769230768 0.7391826923076923 0.10576923076923077 0.44711538461538464
0 0.20072115384615385 0.5877403846153846 0.036057692307692304 0.11538461538461539
0 0.2704326923076923 0.7139423076923077 0.13701923076923078 0.40865384615384615
0 0.234375 0.6646634615384616 0.06009615384615385 0.2620192307692308
0 0.31009615384615385 0.7055288461538461 0.08173076923076923 0.31490384615384615
0 0.34975961538461536 0.6622596153846154 0.07692307692307693 0.2668269230769231
0 0.4182692307692308 0.6887019230769231 0.07692307692307693 0.30288461538461536
0 0.47596153846153844 0.6394230769230769 0.038461538461538464 0.21394230769230768
0 0.5036057692307693 0.6670673076923077 0.06009615384615385 0.31490384615384615
0 0.5204326923076923 0.6502403846153846 0.040865384615384616 0.19230769230769232
0 0.5949519230769231 0.6634615384615384 0.06490384615384616 0.23076923076923078
0 0.5829326923076923 0.5841346153846154 0.02403846153846154 0.07932692307692307
0 0.625 0.5997596153846154 0.038461538461538464 0.09615384615384616
0 0.6742788461538461 0.6298076923076923 0.026442307692307692 0.18990384615384615
0 0.7043269230769231 0.6334134615384616 0.04326923076923077 0.17067307692307693
0 0.7367788461538461 0.6201923076923077 0.028846153846153848 0.14423076923076922
0 0.78125 0.6670673076923077 0.08173076923076923 0.21634615384615385
0 0.7680288461538461 0.6105769230769231 0.036057692307692304 0.10096153846153846
0 0.8161057692307693 0.6069711538461539 0.02403846153846154 0.11057692307692307
0 0.8425480769230769 0.6105769230769231 0.028846153846153848 0.1466346153846154