0 0.515625 0.5552884615384616 0.04326923076923077 0.18509615384615385
0 0.04326923076923077 0.6201923076923077 0.028846153846153848 0.18509615384615385
0 0.109375 0.49399038461538464 0.038461538461538464 0.19230769230769232
0 0.18509615384615385 0.5 0.0625 0.13221153846153846
0 0.17427884615384615 0.5540865384615384 0.036057692307692304 0.19230769230769232
0 0.22956730769230768 0.5769230769230769 0.03365384615384615 0.19230769230769232
0 0.2403846153846154 0.49158653846153844 0.04807692307692308 0.19230769230769232
0 0.3233173076923077 0.5853365384615384 0.036057692307692304 0.18269230769230768
0 0.34134615384615385 0.46153846153846156 0.052884615384615384 0.1778846153846154
0 0.375 0.5600961538461539 0.04567307692307692 0.1971153846153846
0 0.41466346153846156 0.5817307692307693 0.04326923076923077 0.19471153846153846
0 0.421875 0.4362980769230769 0.04326923076923077 0.15144230769230768
0 0.5492788461538461 0.4411057692307692 0.038461538461538464 0.18269230769230768
0 0.5985576923076923 0.5564903846153846 0.06009615384615385 0.18269230769230768
0 0.6346153846153846 0.43509615384615385 0.038461538461538464 0.18990384615384615
0 0.6730769230769231 0.5252403846153846 0.06971153846153846 0.18990384615384615
0 0.6923076923076923 0.39903846153846156 0.03125 0.08653846153846154
0 0.7103365384615384 0.5024038461538461 0.038461538461538464 0.17307692307692307
0 0.7091346153846154 0.40625 0.02403846153846154 0.06490384615384616
0 0.9495192307692307 0.042067307692307696 0.04326923076923077 0.08413461538461539