0 0.6105769230769231 0.5721153846153846 0.05048076923076923 0.16826923076923078
0 0.09975961538461539 0.7776442307692307 0.19951923076923078 0.3894230769230769
0 0.040865384615384616 0.5420673076923077 0.03365384615384615 0.11778846153846154
0 0.06971153846153846 0.5372596153846154 0.028846153846153848 0.11057692307692307
0 0.10697115384615384 0.5204326923076923 0.01201923076923077 0.04807692307692308
0 0.13341346153846154 0.5216346153846154 0.02403846153846154 0.057692307692307696
0 0.15144230769230768 0.5420673076923077 0.052884615384615384 0.10336538461538461
0 0.17548076923076922 0.5276442307692307 0.019230769230769232 0.06490384615384616
0 0.18509615384615385 0.5216346153846154 0.014423076923076924 0.0625
0 0.20432692307692307 0.5360576923076923 0.02403846153846154 0.09134615384615384
0 0.24759615384615385 0.5360576923076923 0.028846153846153848 0.09134615384615384
0 0.28846153846153844 0.5372596153846154 0.026442307692307692 0.08653846153846154
0 0.2956730769230769 0.5264423076923077 0.014423076923076924 0.0625
0 0.29927884615384615 0.5108173076923077 0.014423076923076924 0.055288461538461536
0 0.3112980769230769 0.5252403846153846 0.016826923076923076 0.08413461538461539
0 0.3173076923076923 0.5132211538461539 0.014423076923076924 0.06009615384615385
0 0.3317307692307692 0.5348557692307693 0.026442307692307692 0.09615384615384616
0 0.38461538461538464 0.6466346153846154 0.10817307692307693 0.06971153846153846
0 0.35216346153846156 0.5372596153846154 0.019230769230769232 0.09134615384615384
0 0.375 0.5396634615384616 0.02403846153846154 0.09375
0 0.41586538461538464 0.5372596153846154 0.02403846153846154 0.0985576923076923
0 0.43149038461538464 0.5408653846153846 0.021634615384615384 0.09134615384615384
0 0.49399038461538464 0.6694711538461539 0.1466346153846154 0.06009615384615385
0 0.453125 0.5396634615384616 0.03365384615384615 0.11298076923076923
0 0.48677884615384615 0.5120192307692307 0.016826923076923076 0.04807692307692308
0 0.5228365384615384 0.53125 0.038461538461538464 0.12740384615384615
0 0.5300480769230769 0.5372596153846154 0.021634615384615384 0.09615384615384616
0 0.5552884615384616 0.5420673076923077 0.026442307692307692 0.11298076923076923
0 0.5733173076923077 0.5432692307692307 0.02403846153846154 0.10817307692307693
0 0.59375 0.5444711538461539 0.021634615384615384 0.10817307692307693
0 0.6286057692307693 0.6838942307692307 0.09134615384615384 0.10576923076923077
0 0.5889423076923077 0.5252403846153846 0.007211538461538462 0.06490384615384616
0 0.7247596153846154 0.7127403846153846 0.11057692307692307 0.09134615384615384
0 0.6875 0.5528846153846154 0.02403846153846154 0.11538461538461539
0 0.7139423076923077 0.5576923076923077 0.028846153846153848 0.12259615384615384
0 0.7163461538461539 0.5396634615384616 0.028846153846153848 0.10336538461538461
0 0.7596153846153846 0.5480769230769231 0.03365384615384615 0.10336538461538461
0 0.8197115384615384 0.5444711538461539 0.03125 0.11298076923076923
0 0.8545673076923077 0.5492788461538461 0.026442307692307692 0.14182692307692307
0 0.8774038461538461 0.5612980769230769 0.036057692307692304 0.14182692307692307
0 0.9122596153846154 0.5492788461538461 0.040865384615384616 0.11778846153846154