0 0.8858173076923077 0.640625 0.055288461538461536 0.15625
0 0.010817307692307692 0.5769230769230769 0.021634615384615384 0.08653846153846154
0 0.04567307692307692 0.5925480769230769 0.036057692307692304 0.11538461538461539
0 0.10096153846153846 0.6141826923076923 0.05048076923076923 0.1875
0 0.14182692307692307 0.6201923076923077 0.052884615384615384 0.18028846153846154
0 0.18389423076923078 0.5733173076923077 0.019230769230769232 0.07451923076923077
0 0.24278846153846154 0.6033653846153846 0.03365384615384615 0.18028846153846154
0 0.35216346153846156 0.5949519230769231 0.040865384615384616 0.14903846153846154
0 0.5733173076923077 0.5757211538461539 0.026442307692307692 0.12259615384615384
0 0.8245192307692307 0.5685096153846154 0.057692307692307696 0.06490384615384616
0 0.9915865384615384 0.5793269230769231 0.01201923076923077 0.057692307692307696