0 0.5841346153846154 0.6826923076923077 0.08173076923076923 0.44471153846153844
0 0.014423076923076924 0.39302884615384615 0.028846153846153848 0.23076923076923078
0 0.027644230769230768 0.203125 0.055288461538461536 0.22596153846153846
0 0.08173076923076923 0.5036057692307693 0.14182692307692307 0.6225961538461539
0 0.11057692307692307 0.15504807692307693 0.05048076923076923 0.14423076923076922
0 0.20793269230769232 0.20673076923076922 0.05048076923076923 0.23076923076923078
0 0.2860576923076923 0.1935096153846154 0.04807692307692308 0.19230769230769232
0 0.38461538461538464 0.21754807692307693 0.052884615384615384 0.2091346153846154
0 0.47836538461538464 0.22115384615384615 0.057692307692307696 0.21634615384615385
0 0.515625 0.06490384615384616 0.03365384615384615 0.12980769230769232
0 0.625 0.46153846153846156 0.14423076923076922 0.7163461538461539
0 0.6802884615384616 0.21634615384615385 0.06490384615384616 0.22596153846153846
0 0.7896634615384616 0.5408653846153846 0.17307692307692307 0.5793269230769231
0 0.8545673076923077 0.28846153846153844 0.16105769230769232 0.3942307692307692
0 0.9783653846153846 0.4026442307692308 0.040865384615384616 0.34375
0 0.9807692307692307 0.2127403846153846 0.036057692307692304 0.20432692307692307