0 0.0889423076923077 0.890625 0.15865384615384615 0.21394230769230768
0 0.04927884615384615 0.10817307692307693 0.07451923076923077 0.21634615384615385
0 0.08413461538461539 0.09735576923076923 0.04326923076923077 0.19471153846153846
0 0.11778846153846154 0.10817307692307693 0.055288461538461536 0.21634615384615385
0 0.18509615384615385 0.3629807692307692 0.11057692307692307 0.34615384615384615
0 0.17067307692307693 0.10336538461538461 0.06009615384615385 0.20673076923076922
0 0.22956730769230768 0.9014423076923077 0.12259615384615384 0.19230769230769232
0 0.21995192307692307 0.10817307692307693 0.055288461538461536 0.21634615384615385
0 0.2536057692307692 0.10697115384615384 0.06009615384615385 0.21394230769230768
0 0.29447115384615385 0.11057692307692307 0.040865384615384616 0.22115384615384615
0 0.3473557692307692 0.10697115384615384 0.055288461538461536 0.21394230769230768
0 0.4206730769230769 0.3245192307692308 0.09615384615384616 0.28846153846153844
0 0.4543269230769231 0.3449519230769231 0.12740384615384615 0.34375
0 0.42908653846153844 0.10336538461538461 0.05048076923076923 0.20673076923076922
0 0.4639423076923077 0.921875 0.0985576923076923 0.14423076923076922
0 0.5721153846153846 0.39903846153846156 0.24519230769230768 0.2932692307692308
0 0.4675480769230769 0.0985576923076923 0.02403846153846154 0.18269230769230768
0 0.49399038461538464 0.08653846153846154 0.021634615384615384 0.17307692307692307
0 0.5600961538461539 0.9483173076923077 0.11778846153846154 0.09615384615384616
0 0.5913461538461539 0.4519230769230769 0.16346153846153846 0.4014423076923077
0 0.5540865384615384 0.10096153846153846 0.06490384615384616 0.1971153846153846
0 0.5745192307692307 0.33052884615384615 0.07451923076923077 0.33653846153846156
0 0.6141826923076923 0.08052884615384616 0.055288461538461536 0.16105769230769232
0 0.6442307692307693 0.13942307692307693 0.08173076923076923 0.15865384615384615
0 0.6862980769230769 0.9278846153846154 0.10096153846153846 0.14182692307692307
0 0.7151442307692307 0.1658653846153846 0.09134615384615384 0.2091346153846154
0 0.7067307692307693 0.07091346153846154 0.055288461538461536 0.13221153846153846
0 0.8449519230769231 0.3293269230769231 0.30528846153846156 0.4182692307692308
0 0.7668269230769231 0.09735576923076923 0.0625 0.19471153846153846
0 0.8245192307692307 0.9302884615384616 0.11057692307692307 0.1346153846153846
0 0.8365384615384616 0.06490384615384616 0.057692307692307696 0.12980769230769232
0 0.9050480769230769 0.10096153846153846 0.06009615384615385 0.20192307692307693