0 0.010817307692307692 0.3954326923076923 0.021634615384615384 0.028846153846153848
0 0.007211538461538462 0.453125 0.014423076923076924 0.07932692307692307
0 0.025240384615384616 0.390625 0.019230769230769232 0.036057692307692304
0 0.052884615384615384 0.484375 0.057692307692307696 0.09375
0 0.04567307692307692 0.3954326923076923 0.021634615384615384 0.0673076923076923
0 0.06370192307692307 0.3894230769230769 0.026442307692307692 0.04326923076923077
0 0.09495192307692307 0.4723557692307692 0.04326923076923077 0.10817307692307693
0 0.1346153846153846 0.49278846153846156 0.04326923076923077 0.09134615384615384
0 0.16346153846153846 0.46634615384615385 0.04326923076923077 0.10336538461538461
0 0.1814903846153846 0.36538461538461536 0.021634615384615384 0.04807692307692308
0 0.203125 0.48677884615384615 0.0625 0.11538461538461539
0 0.18990384615384615 0.38100961538461536 0.03125 0.03365384615384615
0 0.22716346153846154 0.4735576923076923 0.03125 0.038461538461538464
0 0.2824519230769231 0.6009615384615384 0.1346153846153846 0.12980769230769232
0 0.30528846153846156 0.5504807692307693 0.13701923076923078 0.19951923076923078
0 0.2548076923076923 0.4230769230769231 0.016826923076923076 0.03365384615384615
0 0.27403846153846156 0.39903846153846156 0.019230769230769232 0.040865384615384616
0 0.30528846153846156 0.4050480769230769 0.028846153846153848 0.04326923076923077
0 0.34134615384615385 0.40024038461538464 0.009615384615384616 0.019230769230769232
0 0.35096153846153844 0.39783653846153844 0.009615384615384616 0.019230769230769232
0 0.36778846153846156 0.4074519230769231 0.016826923076923076 0.026442307692307692
0 0.37259615384615385 0.4483173076923077 0.026442307692307692 0.009615384615384616
0 0.3870192307692308 0.41225961538461536 0.021634615384615384 0.040865384615384616
0 0.5108173076923077 0.6478365384615384 0.2692307692307692 0.3269230769230769
0 0.3942307692307692 0.46634615384615385 0.016826923076923076 0.02403846153846154
0 0.4098557692307692 0.41225961538461536 0.016826923076923076 0.03365384615384615
0 0.41346153846153844 0.44591346153846156 0.021634615384615384 0.014423076923076924
0 0.41225961538461536 0.4651442307692308 0.01201923076923077 0.026442307692307692
0 0.4266826923076923 0.4699519230769231 0.014423076923076924 0.009615384615384616
0 0.44471153846153844 0.47716346153846156 0.016826923076923076 0.05048076923076923
0 0.4675480769230769 0.5168269230769231 0.055288461538461536 0.10336538461538461
0 0.4543269230769231 0.39663461538461536 0.019230769230769232 0.02403846153846154
0 0.4519230769230769 0.43509615384615385 0.014423076923076924 0.028846153846153848
0 0.4699519230769231 0.5456730769230769 0.04326923076923077 0.08653846153846154
0 0.46033653846153844 0.42908653846153844 0.009615384615384616 0.03125
0 0.46634615384615385 0.39783653846153844 0.021634615384615384 0.019230769230769232
0 0.47115384615384615 0.43149038461538464 0.007211538461538462 0.028846153846153848
0 0.7355769230769231 0.46875 0.5240384615384616 0.1201923076923077
0 0.5096153846153846 0.5769230769230769 0.05048076923076923 0.12259615384615384
0 0.5120192307692307 0.49038461538461536 0.036057692307692304 0.040865384615384616
0 0.5240384615384616 0.3942307692307692 0.016826923076923076 0.028846153846153848
0 0.53125 0.4795673076923077 0.021634615384615384 0.04567307692307692
0 0.5336538461538461 0.3954326923076923 0.014423076923076924 0.014423076923076924
0 0.5673076923076923 0.5480769230769231 0.057692307692307696 0.13221153846153846
0 0.5829326923076923 0.546875 0.055288461538461536 0.09615384615384616
0 0.6177884615384616 0.5084134615384616 0.03365384615384615 0.02403846153846154
0 0.6778846153846154 0.6225961538461539 0.13942307692307693 0.23317307692307693
0 0.6923076923076923 0.5973557692307693 0.09134615384615384 0.15384615384615385
0 0.6971153846153846 0.5600961538461539 0.0673076923076923 0.11778846153846154
0 0.7680288461538461 0.6117788461538461 0.07451923076923077 0.13221153846153846
0 0.8257211538461539 0.6622596153846154 0.07932692307692307 0.1875
0 0.8076923076923077 0.5300480769230769 0.028846153846153848 0.03125
0 0.8377403846153846 0.5396634615384616 0.028846153846153848 0.03365384615384615
0 0.8629807692307693 0.5324519230769231 0.036057692307692304 0.040865384615384616
0 0.8954326923076923 0.6995192307692307 0.0673076923076923 0.21875
0 0.9050480769230769 0.5649038461538461 0.04807692307692308 0.04807692307692308
0 0.9086538461538461 0.4963942307692308 0.026442307692307692 0.04567307692307692
0 0.9170673076923077 0.5216346153846154 0.026442307692307692 0.02403846153846154
0 0.9194711538461539 0.5456730769230769 0.02403846153846154 0.052884615384615384
0 0.9471153846153846 0.5324519230769231 0.036057692307692304 0.06971153846153846
0 0.9639423076923077 0.828125 0.0673076923076923 0.3389423076923077
0 0.9663461538461539 0.6947115384615384 0.06490384615384616 0.28125
0 0.9783653846153846 0.5456730769230769 0.038461538461538464 0.057692307692307696