0 0.019230769230769232 0.4338942307692308 0.038461538461538464 0.11778846153846154
0 0.046875 0.5661057692307693 0.08173076923076923 0.3557692307692308
0 0.0829326923076923 0.5480769230769231 0.04326923076923077 0.13221153846153846
0 0.14302884615384615 0.5096153846153846 0.06490384615384616 0.2932692307692308
0 0.16346153846153846 0.5432692307692307 0.07451923076923077 0.23798076923076922
0 0.19230769230769232 0.5348557692307693 0.052884615384615384 0.23076923076923078
0 0.2091346153846154 0.40024038461538464 0.026442307692307692 0.052884615384615384
0 0.3076923076923077 0.49278846153846156 0.20192307692307693 0.2980769230769231
0 0.3473557692307692 0.5889423076923077 0.06009615384615385 0.28846153846153844
0 0.42788461538461536 0.53125 0.03365384615384615 0.1466346153846154
0 0.5420673076923077 0.5072115384615384 0.2091346153846154 0.29086538461538464
0 0.4855769230769231 0.5300480769230769 0.05048076923076923 0.23798076923076922
0 0.5661057692307693 0.5384615384615384 0.06490384615384616 0.2932692307692308
0 0.6742788461538461 0.47836538461538464 0.07211538461538461 0.2091346153846154
0 0.6538461538461539 0.40024038461538464 0.028846153846153848 0.06009615384615385
0 0.796875 0.4831730769230769 0.04326923076923077 0.1658653846153846
0 0.8137019230769231 0.45072115384615385 0.028846153846153848 0.10336538461538461
0 0.8353365384615384 0.44711538461538464 0.026442307692307692 0.10336538461538461
0 0.8894230769230769 0.4110576923076923 0.02403846153846154 0.038461538461538464
0 0.9134615384615384 0.484375 0.021634615384615384 0.08173076923076923
0 0.9326923076923077 0.5721153846153846 0.055288461538461536 0.1778846153846154
0 0.9399038461538461 0.49278846153846156 0.052884615384615384 0.18028846153846154
0 0.953125 0.44591346153846156 0.02403846153846154 0.05048076923076923
0 0.9807692307692307 0.4411057692307692 0.03365384615384615 0.07211538461538461