0 0.6754807692307693 0.49278846153846156 0.09615384615384616 0.12259615384615384
0 0.19951923076923078 0.5036057692307693 0.03365384615384615 0.07692307692307693
0 0.24879807692307693 0.7740384615384616 0.0985576923076923 0.1201923076923077
0 0.24639423076923078 0.5012019230769231 0.04326923076923077 0.06009615384615385
0 0.30288461538461536 0.4951923076923077 0.057692307692307696 0.07211538461538461
0 0.35096153846153844 0.49158653846153844 0.04807692307692308 0.0673076923076923
0 0.36899038461538464 0.3473557692307692 0.057692307692307696 0.06971153846153846
0 0.41466346153846156 0.4519230769230769 0.04807692307692308 0.0625
0 0.44471153846153844 0.3449519230769231 0.052884615384615384 0.06971153846153846
0 0.47475961538461536 0.4495192307692308 0.07451923076923077 0.0673076923076923
0 0.5036057692307693 0.234375 0.0625 0.0889423076923077
0 0.5084134615384616 0.3449519230769231 0.052884615384615384 0.07211538461538461
0 0.5576923076923077 0.4519230769230769 0.06009615384615385 0.0673076923076923
0 0.5721153846153846 0.23798076923076922 0.06971153846153846 0.0889423076923077
0 0.5793269230769231 0.34615384615384615 0.052884615384615384 0.07211538461538461
0 0.640625 0.23076923076923078 0.06009615384615385 0.08173076923076923
0 0.6442307692307693 0.3449519230769231 0.06009615384615385 0.07692307692307693
0 0.7043269230769231 0.22956730769230768 0.0673076923076923 0.0889423076923077
0 0.7223557692307693 0.34134615384615385 0.057692307692307696 0.07692307692307693
0 0.7584134615384616 0.22716346153846154 0.0625 0.0889423076923077
0 0.8185096153846154 0.22716346153846154 0.0625 0.08413461538461539