0 0.8978365384615384 0.28846153846153844 0.07932692307692307 0.35096153846153844
0 0.03365384615384615 0.38341346153846156 0.0673076923076923 0.40865384615384615
0 0.08052884615384616 0.3713942307692308 0.07451923076923077 0.3629807692307692
0 0.11177884615384616 0.3629807692307692 0.04326923076923077 0.30288461538461536
0 0.12620192307692307 0.3329326923076923 0.04567307692307692 0.3557692307692308
0 0.15625 0.3317307692307692 0.052884615384615384 0.3629807692307692
0 0.18990384615384615 0.3389423076923077 0.06971153846153846 0.35336538461538464
0 0.28365384615384615 0.47115384615384615 0.11778846153846154 0.4855769230769231
0 0.2608173076923077 0.2980769230769231 0.06971153846153846 0.2668269230769231
0 0.3401442307692308 0.35216346153846156 0.06009615384615385 0.3701923076923077
0 0.39903846153846156 0.33774038461538464 0.04807692307692308 0.34615384615384615
0 0.4074519230769231 0.3473557692307692 0.04326923076923077 0.32211538461538464
0 0.43509615384615385 0.33774038461538464 0.09615384615384616 0.4326923076923077
0 0.5072115384615384 0.34375 0.04807692307692308 0.35336538461538464
0 0.5588942307692307 0.34134615384615385 0.04326923076923077 0.34375
0 0.6177884615384616 0.3449519230769231 0.055288461538461536 0.30528846153846156
0 0.6670673076923077 0.32572115384615385 0.06009615384615385 0.34375
0 0.7379807692307693 0.31850961538461536 0.057692307692307696 0.3076923076923077
0 0.7680288461538461 0.3317307692307692 0.040865384615384616 0.30288461538461536
0 0.8100961538461539 0.3245192307692308 0.04567307692307692 0.31490384615384615
0 0.9627403846153846 0.3137019230769231 0.0673076923076923 0.3942307692307692