0 0.8100961538461539 0.30408653846153844 0.18028846153846154 0.5552884615384616
0 0.11298076923076923 0.4987980769230769 0.22596153846153846 0.9975961538461539
0 0.11538461538461539 0.1814903846153846 0.05048076923076923 0.3629807692307692
0 0.14182692307692307 0.056490384615384616 0.028846153846153848 0.11298076923076923
0 0.3870192307692308 0.08052884615384616 0.08653846153846154 0.055288461538461536
0 0.4987980769230769 0.2956730769230769 0.23317307692307693 0.5913461538461539
0 0.5576923076923077 0.02403846153846154 0.019230769230769232 0.019230769230769232
0 0.6634615384615384 0.16466346153846154 0.09615384615384616 0.3293269230769231
0 0.7079326923076923 0.23918269230769232 0.05048076923076923 0.21634615384615385
0 0.8810096153846154 0.21634615384615385 0.06971153846153846 0.24278846153846154
0 0.9350961538461539 0.6646634615384616 0.125 0.6658653846153846
0 0.9435096153846154 0.23677884615384615 0.06971153846153846 0.06009615384615385
0 0.9795673076923077 0.24759615384615385 0.038461538461538464 0.2283653846153846