0 0.12139423076923077 0.2980769230769231 0.038461538461538464 0.05048076923076923
0 0.16466346153846154 0.28125 0.036057692307692304 0.09375
0 0.25 0.46875 0.0889423076923077 0.40865384615384615
0 0.25240384615384615 0.5120192307692307 0.08653846153846154 0.4375
0 0.2403846153846154 0.2692307692307692 0.02403846153846154 0.07692307692307693
0 0.27884615384615385 0.45552884615384615 0.0889423076923077 0.3870192307692308
0 0.26322115384615385 0.25240384615384615 0.01201923076923077 0.03125
0 0.2704326923076923 0.25240384615384615 0.019230769230769232 0.040865384615384616
0 0.3004807692307692 0.2980769230769231 0.038461538461538464 0.10336538461538461
0 0.35096153846153844 0.5120192307692307 0.10336538461538461 0.4495192307692308
0 0.34134615384615385 0.2439903846153846 0.028846153846153848 0.0625
0 0.3557692307692308 0.23918269230769232 0.016826923076923076 0.019230769230769232
0 0.39302884615384615 0.24158653846153846 0.02403846153846154 0.04567307692307692
0 0.3942307692307692 0.2956730769230769 0.021634615384615384 0.09615384615384616
0 0.43990384615384615 0.53125 0.0985576923076923 0.46153846153846156
0 0.46153846153846156 0.4807692307692308 0.11538461538461539 0.4254807692307692
0 0.44471153846153844 0.25721153846153844 0.021634615384615384 0.07451923076923077
0 0.5072115384615384 0.4483173076923077 0.08653846153846154 0.34375
0 0.5637019230769231 0.5396634615384616 0.14903846153846154 0.49038461538461536
0 0.5865384615384616 0.5168269230769231 0.09134615384615384 0.44471153846153844
0 0.6141826923076923 0.33774038461538464 0.04567307692307692 0.11778846153846154
0 0.7043269230769231 0.5216346153846154 0.13701923076923078 0.4831730769230769
0 0.6959134615384616 0.5 0.09134615384615384 0.4567307692307692
0 0.7536057692307693 0.46153846153846156 0.07211538461538461 0.42788461538461536
0 0.8269230769230769 0.515625 0.07932692307692307 0.41586538461538464