0 0.09735576923076923 0.7788461538461539 0.055288461538461536 0.21875
0 0.09975961538461539 0.6730769230769231 0.057692307692307696 0.14423076923076922
0 0.12860576923076922 0.46875 0.040865384615384616 0.1201923076923077
0 0.2283653846153846 0.6009615384615384 0.07211538461538461 0.1778846153846154
0 0.26322115384615385 0.6862980769230769 0.038461538461538464 0.17548076923076922
0 0.3016826923076923 0.8509615384615384 0.0673076923076923 0.2283653846153846
0 0.30649038461538464 0.7307692307692307 0.04567307692307692 0.18028846153846154
0 0.39663461538461536 0.6766826923076923 0.055288461538461536 0.19471153846153846
0 0.390625 0.5264423076923077 0.036057692307692304 0.1201923076923077
0 0.42908653846153844 0.5384615384615384 0.021634615384615384 0.13942307692307693
0 0.5108173076923077 0.5853365384615384 0.040865384615384616 0.17548076923076922
0 0.5504807692307693 0.7512019230769231 0.052884615384615384 0.21634615384615385
0 0.9375 0.9050480769230769 0.0625 0.18509615384615385
0 0.9567307692307693 0.828125 0.07211538461538461 0.15144230769230768
0 0.96875 0.3762019230769231 0.038461538461538464 0.13221153846153846