0 0.02283653846153846 0.27524038461538464 0.04567307692307692 0.28125
0 0.057692307692307696 0.1778846153846154 0.09615384615384616 0.3557692307692308
0 0.09615384615384616 0.17307692307692307 0.04807692307692308 0.23557692307692307
0 0.13341346153846154 0.1971153846153846 0.04807692307692308 0.18990384615384615
0 0.49399038461538464 0.18269230769230768 0.07451923076923077 0.17307692307692307
0 0.5805288461538461 0.19831730769230768 0.038461538461538464 0.1778846153846154
0 0.6237980769230769 0.23197115384615385 0.07692307692307693 0.10096153846153846
0 0.71875 0.20793269230769232 0.03125 0.08653846153846154
0 0.7668269230769231 0.19471153846153846 0.028846153846153848 0.07692307692307693
0 0.8774038461538461 0.09495192307692307 0.028846153846153848 0.021634615384615384
0 0.90625 0.109375 0.028846153846153848 0.052884615384615384
0 0.9302884615384616 0.11298076923076923 0.03125 0.05048076923076923
0 0.9579326923076923 0.33413461538461536 0.08173076923076923 0.5144230769230769
0 0.9543269230769231 0.2536057692307692 0.07211538461538461 0.25961538461538464