0 0.051682692307692304 0.22596153846153846 0.10336538461538461 0.20432692307692307
0 0.18629807692307693 0.6081730769230769 0.30528846153846156 0.7788461538461539
0 0.28846153846153844 0.5420673076923077 0.4831730769230769 0.71875
0 0.15384615384615385 0.1622596153846154 0.04567307692307692 0.07932692307692307
0 0.21514423076923078 0.171875 0.04326923076923077 0.10336538461538461
0 0.2512019230769231 0.1875 0.052884615384615384 0.1346153846153846
0 0.6165865384615384 0.5480769230769231 0.19951923076923078 0.6899038461538461
0 0.5625 0.17067307692307693 0.040865384615384616 0.11057692307692307
0 0.6274038461538461 0.16706730769230768 0.0673076923076923 0.2548076923076923
0 0.7788461538461539 0.6129807692307693 0.3605769230769231 0.7692307692307693
0 0.6935096153846154 0.17548076923076922 0.04326923076923077 0.2620192307692308