0 0.7367788461538461 0.8641826923076923 0.11298076923076923 0.22115384615384615
0 0.1346153846153846 0.09134615384615384 0.06490384615384616 0.18028846153846154
0 0.1875 0.7704326923076923 0.125 0.3557692307692308
0 0.3269230769230769 0.15625 0.12980769230769232 0.21875
0 0.5120192307692307 0.1622596153846154 0.12259615384615384 0.17548076923076922
0 0.7451923076923077 0.6502403846153846 0.5072115384615384 0.6971153846153846
0 0.6021634615384616 0.17668269230769232 0.038461538461538464 0.10576923076923077
0 0.6225961538461539 0.4723557692307692 0.06009615384615385 0.21394230769230768
0 0.6682692307692307 0.453125 0.0889423076923077 0.2403846153846154
0 0.8786057692307693 0.8858173076923077 0.16826923076923078 0.21875
0 0.9579326923076923 0.8329326923076923 0.06009615384615385 0.13701923076923078