0 0.052884615384615384 0.6009615384615384 0.10576923076923077 0.40384615384615385
0 0.09975961538461539 0.44350961538461536 0.10096153846153846 0.3581730769230769
0 0.15504807692307693 0.578125 0.18509615384615385 0.37740384615384615
0 0.33052884615384615 0.5540865384615384 0.28365384615384615 0.3870192307692308
0 0.25961538461538464 0.5408653846153846 0.13942307692307693 0.38221153846153844
0 0.27524038461538464 0.2704326923076923 0.08653846153846154 0.31971153846153844
0 0.43509615384615385 0.6021634615384616 0.18028846153846154 0.4206730769230769
0 0.390625 0.2956730769230769 0.08653846153846154 0.3317307692307692
0 0.5456730769230769 0.3016826923076923 0.09615384615384616 0.36538461538461536
0 0.6310096153846154 0.6069711538461539 0.23076923076923078 0.375
0 0.7151442307692307 0.3125 0.08413461538461539 0.34134615384615385
0 0.7848557692307693 0.4891826923076923 0.17548076923076922 0.35336538461538464
0 0.8269230769230769 0.3125 0.06009615384615385 0.31971153846153844
0 0.8798076923076923 0.5036057692307693 0.13701923076923078 0.3942307692307692
0 0.953125 0.43509615384615385 0.0889423076923077 0.3605769230769231