0 0.5192307692307693 0.6802884615384616 0.13942307692307693 0.3942307692307692
0 0.026442307692307692 0.7884615384615384 0.052884615384615384 0.0889423076923077
0 0.03245192307692308 0.5901442307692307 0.0625 0.19471153846153846
0 0.025240384615384616 0.7067307692307693 0.014423076923076924 0.03365384615384615
0 0.036057692307692304 0.5552884615384616 0.03125 0.06009615384615385
0 0.040865384615384616 0.7079326923076923 0.016826923076923076 0.02403846153846154
0 0.05889423076923077 0.7043269230769231 0.009615384615384616 0.021634615384615384
0 0.07451923076923077 0.7632211538461539 0.040865384615384616 0.10096153846153846
0 0.09375 0.5144230769230769 0.04326923076923077 0.14423076923076922
0 0.11177884615384616 0.7235576923076923 0.02403846153846154 0.12259615384615384
0 0.19110576923076922 0.5913461538461539 0.08173076923076923 0.28125
0 0.20793269230769232 0.7680288461538461 0.0673076923076923 0.038461538461538464
0 0.3737980769230769 0.6550480769230769 0.14423076923076922 0.3557692307692308
0 0.6766826923076923 0.6358173076923077 0.07932692307692307 0.33413461538461536
0 0.8353365384615384 0.6081730769230769 0.12980769230769232 0.3581730769230769
0 0.8377403846153846 0.9579326923076923 0.052884615384615384 0.08173076923076923
0 0.8581730769230769 0.6670673076923077 0.09134615384615384 0.2283653846153846
0 0.8461538461538461 0.8497596153846154 0.040865384615384616 0.09615384615384616
0 0.9435096153846154 0.7019230769230769 0.038461538461538464 0.09375
0 0.9795673076923077 0.5973557692307693 0.036057692307692304 0.18990384615384615