0 0.01201923076923077 0.49759615384615385 0.02403846153846154 0.22596153846153846
0 0.051682692307692304 0.45913461538461536 0.07692307692307693 0.21394230769230768
0 0.09615384615384616 0.4098557692307692 0.02403846153846154 0.10817307692307693
0 0.11298076923076923 0.43990384615384615 0.05048076923076923 0.16826923076923078
0 0.1310096153846154 0.45552884615384615 0.055288461538461536 0.11538461538461539
0 0.1622596153846154 0.27524038461538464 0.05048076923076923 0.17307692307692307
0 0.27524038461538464 0.3016826923076923 0.20192307692307693 0.4807692307692308
0 0.18870192307692307 0.38822115384615385 0.02403846153846154 0.057692307692307696
0 0.21153846153846154 0.3004807692307692 0.03125 0.08173076923076923
0 0.4254807692307692 0.2668269230769231 0.125 0.40625
0 0.5444711538461539 0.22115384615384615 0.17548076923076922 0.3918269230769231
0 0.6502403846153846 0.23918269230769232 0.13221153846153846 0.27884615384615385
0 0.8653846153846154 0.2776442307692308 0.0673076923076923 0.1346153846153846
0 0.8918269230769231 0.7680288461538461 0.06971153846153846 0.2548076923076923
0 0.9290865384615384 0.3293269230769231 0.055288461538461536 0.20673076923076922
0 0.9555288461538461 0.8245192307692307 0.08413461538461539 0.2644230769230769
0 0.9807692307692307 0.4483173076923077 0.036057692307692304 0.13942307692307693