0 0.7403846153846154 0.5276442307692307 0.14903846153846154 0.7067307692307693
0 0.019230769230769232 0.47596153846153844 0.038461538461538464 0.19951923076923078
0 0.12379807692307693 0.4723557692307692 0.07692307692307693 0.45913461538461536
0 0.15144230769230768 0.44711538461538464 0.0673076923076923 0.39663461538461536
0 0.20432692307692307 0.5420673076923077 0.1466346153846154 0.6826923076923077
0 0.35697115384615385 0.44471153846153844 0.0625 0.22355769230769232
0 0.45072115384615385 0.46274038461538464 0.15865384615384615 0.4639423076923077
0 0.53125 0.5949519230769231 0.2548076923076923 0.11778846153846154
0 0.5144230769230769 0.4182692307692308 0.08653846153846154 0.3173076923076923
0 0.6177884615384616 0.6105769230769231 0.25961538461538464 0.10096153846153846
0 0.8221153846153846 0.4651442307692308 0.08173076923076923 0.38221153846153844
0 0.8557692307692307 0.4567307692307692 0.125 0.4182692307692308
0 0.8930288461538461 0.4338942307692308 0.11298076923076923 0.44471153846153844
0 0.9579326923076923 0.4639423076923077 0.08173076923076923 0.3870192307692308