0 0.1141826923076923 0.38461538461538464 0.08653846153846154 0.28365384615384615
0 0.13822115384615385 0.5096153846153846 0.09134615384615384 0.28846153846153844
0 0.1814903846153846 0.4543269230769231 0.06971153846153846 0.22115384615384615
0 0.25961538461538464 0.3329326923076923 0.07451923076923077 0.15865384615384615
0 0.35697115384615385 0.7487980769230769 0.24759615384615385 0.49759615384615385
0 0.28125 0.5216346153846154 0.0889423076923077 0.25
0 0.2692307692307692 0.42788461538461536 0.05048076923076923 0.11057692307692307
0 0.36778846153846156 0.33774038461538464 0.07211538461538461 0.22596153846153846
0 0.4254807692307692 0.40865384615384615 0.08413461538461539 0.15384615384615385
0 0.47716346153846156 0.4338942307692308 0.07932692307692307 0.1346153846153846
0 0.5096153846153846 0.5024038461538461 0.08653846153846154 0.18509615384615385
0 0.6165865384615384 0.5444711538461539 0.11538461538461539 0.24759615384615385
0 0.6622596153846154 0.7692307692307693 0.18028846153846154 0.4567307692307692
0 0.6802884615384616 0.44350961538461536 0.10817307692307693 0.21875
0 0.7692307692307693 0.5721153846153846 0.125 0.21634615384615385
0 0.7896634615384616 0.4338942307692308 0.12259615384615384 0.18509615384615385
0 0.8713942307692307 0.6045673076923077 0.18269230769230768 0.27884615384615385
0 0.9507211538461539 0.4579326923076923 0.06009615384615385 0.16826923076923078