0 0.21153846153846154 0.6802884615384616 0.08173076923076923 0.30528846153846156
0 0.16466346153846154 0.7043269230769231 0.04326923076923077 0.20192307692307693
0 0.171875 0.6778846153846154 0.052884615384615384 0.23798076923076922
0 0.27163461538461536 0.6802884615384616 0.052884615384615384 0.23798076923076922
0 0.36538461538461536 0.6790865384615384 0.0673076923076923 0.22355769230769232
0 0.40865384615384615 0.6634615384615384 0.06009615384615385 0.17067307692307693
0 0.46153846153846156 0.6995192307692307 0.055288461538461536 0.28125
0 0.5192307692307693 0.7067307692307693 0.0673076923076923 0.2692307692307692
0 0.5817307692307693 0.7055288461538461 0.06971153846153846 0.28846153846153844
0 0.6430288461538461 0.71875 0.055288461538461536 0.2932692307692308
0 0.8762019230769231 0.7283653846153846 0.0889423076923077 0.31490384615384615