0 0.013221153846153846 0.6105769230769231 0.021634615384615384 0.055288461538461536
0 0.07211538461538461 0.6225961538461539 0.009615384615384616 0.052884615384615384
0 0.08774038461538461 0.6442307692307693 0.014423076923076924 0.055288461538461536
0 0.14182692307692307 0.7211538461538461 0.021634615384615384 0.07211538461538461
0 0.1935096153846154 0.8137019230769231 0.014423076923076924 0.08173076923076923
0 0.21033653846153846 0.8173076923076923 0.019230769230769232 0.07932692307692307
0 0.22716346153846154 0.8461538461538461 0.021634615384615384 0.08653846153846154
0 0.25 0.8509615384615384 0.021634615384615384 0.08173076923076923
0 0.2800480769230769 0.6442307692307693 0.014423076923076924 0.028846153846153848
0 0.29927884615384615 0.7824519230769231 0.019230769230769232 0.07451923076923077
0 0.3088942307692308 0.8629807692307693 0.021634615384615384 0.08653846153846154
0 0.3161057692307692 0.5096153846153846 0.01201923076923077 0.019230769230769232
0 0.3233173076923077 0.6442307692307693 0.016826923076923076 0.06490384615384616
0 0.3293269230769231 0.8581730769230769 0.021634615384615384 0.08413461538461539
0 0.4266826923076923 0.47115384615384615 0.19471153846153846 0.1778846153846154
0 0.40024038461538464 0.71875 0.014423076923076924 0.0673076923076923
0 0.4362980769230769 0.5552884615384616 0.009615384615384616 0.04326923076923077
0 0.44711538461538464 0.7199519230769231 0.01201923076923077 0.0673076923076923
0 0.44711538461538464 0.5600961538461539 0.01201923076923077 0.05048076923076923
0 0.4483173076923077 0.65625 0.009615384615384616 0.04807692307692308
0 0.45552884615384615 0.7427884615384616 0.019230769230769232 0.07211538461538461
0 0.45552884615384615 0.46634615384615385 0.009615384615384616 0.04326923076923077
0 0.45913461538461536 0.6959134615384616 0.014423076923076924 0.04567307692307692
0 0.4639423076923077 0.6141826923076923 0.016826923076923076 0.036057692307692304
0 0.4639423076923077 0.6490384615384616 0.014423076923076924 0.038461538461538464
0 0.4639423076923077 0.48677884615384615 0.007211538461538462 0.040865384615384616
0 0.4699519230769231 0.6911057692307693 0.01201923076923077 0.055288461538461536
0 0.4735576923076923 0.4639423076923077 0.01201923076923077 0.02403846153846154
0 0.4795673076923077 0.8677884615384616 0.021634615384615384 0.0889423076923077
0 0.47596153846153844 0.5985576923076923 0.009615384615384616 0.04326923076923077
0 0.47596153846153844 0.6490384615384616 0.01201923076923077 0.052884615384615384
0 0.47836538461538464 0.4831730769230769 0.009615384615384616 0.038461538461538464
0 0.48677884615384615 0.7067307692307693 0.01201923076923077 0.06490384615384616
0 0.4951923076923077 0.6009615384615384 0.007211538461538462 0.04326923076923077
0 0.4987980769230769 0.7247596153846154 0.016826923076923076 0.06971153846153846
0 0.5 0.6189903846153846 0.01201923076923077 0.06009615384615385
0 0.5048076923076923 0.8713942307692307 0.021634615384615384 0.09134615384615384
0 0.5072115384615384 0.6418269230769231 0.01201923076923077 0.06009615384615385
0 0.5084134615384616 0.4543269230769231 0.007211538461538462 0.036057692307692304
0 0.5084134615384616 0.5829326923076923 0.004807692307692308 0.03365384615384615
0 0.5132211538461539 0.6033653846153846 0.01201923076923077 0.04807692307692308
0 0.5144230769230769 0.4519230769230769 0.007211538461538462 0.028846153846153848
0 0.5204326923076923 0.6875 0.014423076923076924 0.0625
0 0.5264423076923077 0.8653846153846154 0.016826923076923076 0.08653846153846154
0 0.5264423076923077 0.7331730769230769 0.01201923076923077 0.06490384615384616
0 0.5576923076923077 0.5973557692307693 0.06971153846153846 0.11298076923076923
0 0.53125 0.5480769230769231 0.01201923076923077 0.04326923076923077
0 0.5408653846153846 0.6923076923076923 0.016826923076923076 0.06971153846153846
0 0.5432692307692307 0.7740384615384616 0.021634615384615384 0.07692307692307693
0 0.5973557692307693 0.39783653846153844 0.13221153846153846 0.06490384615384616
0 0.5432692307692307 0.4423076923076923 0.009615384615384616 0.03365384615384615
0 0.5492788461538461 0.7115384615384616 0.014423076923076924 0.0673076923076923
0 0.5504807692307693 0.6646634615384616 0.007211538461538462 0.03125
0 0.5552884615384616 0.43990384615384615 0.01201923076923077 0.036057692307692304
0 0.5649038461538461 0.7668269230769231 0.016826923076923076 0.07932692307692307
0 0.5661057692307693 0.6790865384615384 0.016826923076923076 0.06490384615384616
0 0.5745192307692307 0.7403846153846154 0.016826923076923076 0.06971153846153846
0 0.5817307692307693 0.6430288461538461 0.01201923076923077 0.06009615384615385
0 0.6213942307692307 0.3401442307692308 0.09134615384615384 0.07932692307692307
0 0.5913461538461539 0.7355769230769231 0.01201923076923077 0.06490384615384616
0 0.5925480769230769 0.6574519230769231 0.01201923076923077 0.052884615384615384
0 0.5961538461538461 0.625 0.007211538461538462 0.036057692307692304
0 0.6105769230769231 0.6153846153846154 0.01201923076923077 0.052884615384615384
0 0.6117788461538461 0.5709134615384616 0.009615384615384616 0.03365384615384615
0 0.6237980769230769 0.7163461538461539 0.019230769230769232 0.07211538461538461
0 0.6225961538461539 0.5564903846153846 0.007211538461538462 0.038461538461538464
0 0.6274038461538461 0.6165865384615384 0.01201923076923077 0.057692307692307696
0 0.6310096153846154 0.5733173076923077 0.009615384615384616 0.04326923076923077
0 0.6358173076923077 0.5360576923076923 0.014423076923076924 0.026442307692307692
0 0.6370192307692307 0.7067307692307693 0.009615384615384616 0.06490384615384616
0 0.6358173076923077 0.5552884615384616 0.007211538461538462 0.036057692307692304
0 0.6430288461538461 0.6875 0.01201923076923077 0.057692307692307696
0 0.6514423076923077 0.609375 0.007211538461538462 0.055288461538461536
0 0.6526442307692307 0.5588942307692307 0.01201923076923077 0.05048076923076923
0 0.6646634615384616 0.5492788461538461 0.009615384615384616 0.052884615384615384
0 0.6670673076923077 0.6045673076923077 0.01201923076923077 0.052884615384615384
0 0.671875 0.5588942307692307 0.009615384615384616 0.02403846153846154
0 0.6754807692307693 0.5973557692307693 0.004807692307692308 0.052884615384615384
0 0.6778846153846154 0.546875 0.007211538461538462 0.040865384615384616
0 0.6947115384615384 0.3245192307692308 0.04326923076923077 0.036057692307692304
0 0.6826923076923077 0.5745192307692307 0.009615384615384616 0.05048076923076923
0 0.6899038461538461 0.5576923076923077 0.009615384615384616 0.055288461538461536
0 0.7007211538461539 0.6033653846153846 0.02403846153846154 0.12980769230769232
0 0.7271634615384616 0.7103365384615384 0.06490384615384616 0.12980769230769232
0 0.7115384615384616 0.5384615384615384 0.009615384615384616 0.04326923076923077
0 0.7283653846153846 0.42788461538461536 0.038461538461538464 0.04326923076923077
0 0.7211538461538461 0.5588942307692307 0.007211538461538462 0.040865384615384616
0 0.7247596153846154 0.546875 0.007211538461538462 0.038461538461538464
0 0.7295673076923077 0.6262019230769231 0.014423076923076924 0.055288461538461536
0 0.7367788461538461 0.5396634615384616 0.009615384615384616 0.052884615384615384
0 0.7427884615384616 0.4855769230769231 0.01201923076923077 0.040865384615384616
0 0.75 0.578125 0.014423076923076924 0.036057692307692304
0 0.7548076923076923 0.6141826923076923 0.01201923076923077 0.057692307692307696
0 0.7680288461538461 0.5288461538461539 0.036057692307692304 0.0673076923076923
0 0.7704326923076923 0.4387019230769231 0.036057692307692304 0.057692307692307696
0 0.765625 0.609375 0.007211538461538462 0.057692307692307696
0 0.7704326923076923 0.7175480769230769 0.01201923076923077 0.06971153846153846
0 0.78125 0.5072115384615384 0.009615384615384616 0.038461538461538464
0 0.7884615384615384 0.7223557692307693 0.01201923076923077 0.07692307692307693
0 0.8954326923076923 0.515625 0.20432692307692307 0.15144230769230768
0 0.7992788461538461 0.7079326923076923 0.009615384615384616 0.057692307692307696
0 0.8100961538461539 0.4338942307692308 0.028846153846153848 0.028846153846153848
0 0.8028846153846154 0.6634615384615384 0.004807692307692308 0.021634615384615384
0 0.8040865384615384 0.6875 0.009615384615384616 0.05048076923076923
0 0.8185096153846154 0.6754807692307693 0.019230769230769232 0.06009615384615385
0 0.8305288461538461 0.7247596153846154 0.01201923076923077 0.06971153846153846
0 0.8557692307692307 0.43990384615384615 0.03365384615384615 0.04567307692307692
0 0.8605769230769231 0.7163461538461539 0.014423076923076924 0.06490384615384616
0 0.8653846153846154 0.8329326923076923 0.019230769230769232 0.036057692307692304
0 0.8713942307692307 0.7139423076923077 0.01201923076923077 0.06971153846153846
0 0.9026442307692307 0.703125 0.04326923076923077 0.1346153846153846
0 0.9002403846153846 0.44471153846153844 0.038461538461538464 0.038461538461538464
0 0.9423076923076923 0.44471153846153844 0.038461538461538464 0.038461538461538464
0 0.9507211538461539 0.7295673076923077 0.014423076923076924 0.0625
0 0.9579326923076923 0.6790865384615384 0.009615384615384616 0.036057692307692304
0 0.9615384615384616 0.6959134615384616 0.01201923076923077 0.028846153846153848
0 0.9711538461538461 0.7163461538461539 0.019230769230769232 0.0673076923076923