0 0.3870192307692308 0.7848557692307693 0.06971153846153846 0.21875
0 0.4987980769230769 0.7475961538461539 0.9975961538461539 0.34615384615384615
0 0.02403846153846154 0.7740384615384616 0.04567307692307692 0.20192307692307693
0 0.08653846153846154 0.7932692307692307 0.0625 0.23317307692307693
0 0.12860576923076922 0.7752403846153846 0.04807692307692308 0.2091346153846154
0 0.19591346153846154 0.7956730769230769 0.0625 0.2403846153846154
0 0.2800480769230769 0.8016826923076923 0.07451923076923077 0.23076923076923078
0 0.44471153846153844 0.7596153846153846 0.040865384615384616 0.24278846153846154
0 0.46875 0.7632211538461539 0.04326923076923077 0.23317307692307693
0 0.5096153846153846 0.7848557692307693 0.038461538461538464 0.2091346153846154
0 0.5600961538461539 0.7752403846153846 0.04807692307692308 0.23317307692307693
0 0.6442307692307693 0.7776442307692307 0.038461538461538464 0.2403846153846154
0 0.6778846153846154 0.7884615384615384 0.038461538461538464 0.22596153846153846
0 0.7596153846153846 0.8004807692307693 0.052884615384615384 0.21875
0 0.7896634615384616 0.7740384615384616 0.036057692307692304 0.24278846153846154
0 0.828125 0.7848557692307693 0.04326923076923077 0.22355769230769232
0 0.9194711538461539 0.8269230769230769 0.0985576923076923 0.34375