0 0.6586538461538461 0.7704326923076923 0.07451923076923077 0.2403846153846154
0 0.4987980769230769 0.9254807692307693 0.9975961538461539 0.14423076923076922
0 0.19591346153846154 0.7596153846153846 0.05048076923076923 0.11057692307692307
0 0.3088942307692308 0.7548076923076923 0.038461538461538464 0.16346153846153846
0 0.39783653846153844 0.6802884615384616 0.05048076923076923 0.15865384615384615
0 0.42908653846153844 0.6959134615384616 0.040865384615384616 0.17307692307692307
0 0.4831730769230769 0.7704326923076923 0.05048076923076923 0.17548076923076922
0 0.5036057692307693 0.6598557692307693 0.05048076923076923 0.14182692307692307
0 0.5456730769230769 0.7884615384615384 0.0673076923076923 0.15384615384615385
0 0.5661057692307693 0.6538461538461539 0.06009615384615385 0.17067307692307693
0 0.6213942307692307 0.6766826923076923 0.038461538461538464 0.1658653846153846
0 0.7043269230769231 0.6694711538461539 0.0625 0.14182692307692307