0 0.18990384615384615 0.6141826923076923 0.3798076923076923 0.7668269230769231
0 0.04447115384615385 0.2920673076923077 0.07211538461538461 0.17548076923076922
0 0.2283653846153846 0.5973557692307693 0.3629807692307692 0.7403846153846154
0 0.2403846153846154 0.28365384615384615 0.057692307692307696 0.1201923076923077
0 0.33413461538461536 0.2956730769230769 0.06971153846153846 0.18028846153846154
0 0.5228365384615384 0.48197115384615385 0.22596153846153846 0.5721153846153846
0 0.4567307692307692 0.35336538461538464 0.04567307692307692 0.24278846153846154
0 0.6045673076923077 0.2824519230769231 0.057692307692307696 0.12259615384615384
0 0.7331730769230769 0.4338942307692308 0.14423076923076922 0.3004807692307692
0 0.8221153846153846 0.49038461538461536 0.19471153846153846 0.47836538461538464
0 0.8605769230769231 0.27403846153846156 0.08413461538461539 0.10096153846153846
0 0.9519230769230769 0.4495192307692308 0.09134615384615384 0.3605769230769231
0 0.9831730769230769 0.3016826923076923 0.028846153846153848 0.040865384615384616