0 0.025240384615384616 0.7223557692307693 0.026442307692307692 0.07932692307692307
0 0.06370192307692307 0.6814903846153846 0.04567307692307692 0.14182692307692307
0 0.19110576923076922 0.6983173076923077 0.038461538461538464 0.09615384615384616
0 0.27884615384615385 0.8413461538461539 0.10336538461538461 0.11538461538461539
0 0.28365384615384615 0.6899038461538461 0.016826923076923076 0.02403846153846154
0 0.2980769230769231 0.6959134615384616 0.021634615384615384 0.028846153846153848
0 0.3233173076923077 0.6862980769230769 0.01201923076923077 0.03125
0 0.3641826923076923 0.75 0.06009615384615385 0.0673076923076923
0 0.35096153846153844 0.6983173076923077 0.009615384615384616 0.019230769230769232
0 0.40865384615384615 0.8413461538461539 0.10096153846153846 0.10336538461538461
0 0.36658653846153844 0.6850961538461539 0.009615384615384616 0.028846153846153848
0 0.41346153846153844 0.75 0.04807692307692308 0.04567307692307692
0 0.4963942307692308 0.6923076923076923 0.03125 0.07692307692307693
0 0.6057692307692307 0.7235576923076923 0.038461538461538464 0.05048076923076923
0 0.7139423076923077 0.6838942307692307 0.016826923076923076 0.04807692307692308
0 0.7572115384615384 0.7680288461538461 0.09134615384615384 0.11298076923076923
0 0.7800480769230769 0.6802884615384616 0.016826923076923076 0.0625
0 0.8064903846153846 0.6754807692307693 0.028846153846153848 0.06490384615384616
0 0.9326923076923077 0.6802884615384616 0.052884615384615384 0.04326923076923077