0 0.2091346153846154 0.41586538461538464 0.1201923076923077 0.5480769230769231
0 0.11298076923076923 0.4987980769230769 0.22596153846153846 0.9975961538461539
0 0.31490384615384615 0.4987980769230769 0.07451923076923077 0.2403846153846154
0 0.3112980769230769 0.35096153846153844 0.057692307692307696 0.13701923076923078
0 0.3942307692307692 0.4963942307692308 0.07211538461538461 0.20673076923076922
0 0.42788461538461536 0.5829326923076923 0.10817307692307693 0.20192307692307693
0 0.5444711538461539 0.6057692307692307 0.15144230769230768 0.31971153846153844
0 0.5180288461538461 0.4074519230769231 0.057692307692307696 0.1346153846153846
0 0.5685096153846154 0.4387019230769231 0.0625 0.15144230769230768
0 0.6262019230769231 0.44711538461538464 0.09134615384615384 0.14182692307692307
0 0.6935096153846154 0.7331730769230769 0.20673076923076922 0.41346153846153844
0 0.6153846153846154 0.18028846153846154 0.016826923076923076 0.07211538461538461
0 0.7259615384615384 0.484375 0.08653846153846154 0.12259615384615384
0 0.8473557692307693 0.48677884615384615 0.22115384615384615 0.3004807692307692