0 0.0985576923076923 0.33052884615384615 0.16826923076923078 0.5841346153846154
0 0.12620192307692307 0.16466346153846154 0.25240384615384615 0.11778846153846154
0 0.040865384615384616 0.328125 0.06009615384615385 0.4807692307692308
0 0.20673076923076922 0.25721153846153844 0.07692307692307693 0.29086538461538464
0 0.31971153846153844 0.19471153846153846 0.11298076923076923 0.3076923076923077
0 0.6634615384615384 0.18870192307692307 0.007211538461538462 0.0673076923076923
0 0.6778846153846154 0.19471153846153846 0.014423076923076924 0.09134615384615384
0 0.6935096153846154 0.15745192307692307 0.004807692307692308 0.007211538461538462
0 0.7572115384615384 0.20793269230769232 0.04326923076923077 0.10576923076923077
0 0.9615384615384616 0.19230769230769232 0.004807692307692308 0.004807692307692308
0 0.9675480769230769 0.19230769230769232 0.002403846153846154 0.009615384615384616
0 0.9915865384615384 0.19230769230769232 0.007211538461538462 0.007211538461538462