0 0.19951923076923078 0.6682692307692307 0.06009615384615385 0.3629807692307692
0 0.030048076923076924 0.6141826923076923 0.06009615384615385 0.25721153846153844
0 0.0829326923076923 0.6177884615384616 0.05048076923076923 0.24759615384615385
0 0.1310096153846154 0.59375 0.04326923076923077 0.21394230769230768
0 0.15985576923076922 0.6045673076923077 0.057692307692307696 0.22115384615384615
0 0.296875 0.6165865384615384 0.0673076923076923 0.28846153846153844
0 0.5288461538461539 0.78125 0.026442307692307692 0.15625
0 0.5625 0.7055288461538461 0.0889423076923077 0.4543269230769231
0 0.7091346153846154 0.8064903846153846 0.04567307692307692 0.17548076923076922
0 0.7295673076923077 0.8149038461538461 0.04807692307692308 0.14182692307692307
0 0.7475961538461539 0.6430288461538461 0.04326923076923077 0.33653846153846156
0 0.8161057692307693 0.6466346153846154 0.0625 0.35096153846153844
0 0.8870192307692307 0.5456730769230769 0.036057692307692304 0.13942307692307693
0 0.9675480769230769 0.5108173076923077 0.021634615384615384 0.0985576923076923