0 0.004807692307692308 0.6875 0.007211538461538462 0.05048076923076923
0 0.025240384615384616 0.6286057692307693 0.019230769230769232 0.07692307692307693
0 0.03125 0.7403846153846154 0.016826923076923076 0.07932692307692307
0 0.054086538461538464 0.7572115384615384 0.026442307692307692 0.0985576923076923
0 0.06370192307692307 0.6598557692307693 0.016826923076923076 0.05048076923076923
0 0.078125 0.6526442307692307 0.016826923076923076 0.05048076923076923
0 0.0829326923076923 0.7524038461538461 0.019230769230769232 0.10576923076923077
0 0.09375 0.6430288461538461 0.014423076923076924 0.055288461538461536
0 0.0985576923076923 0.6009615384615384 0.019230769230769232 0.06971153846153846
0 0.12379807692307693 0.5649038461538461 0.021634615384615384 0.038461538461538464
0 0.14423076923076922 0.33774038461538464 0.019230769230769232 0.07211538461538461
0 0.140625 0.6394230769230769 0.009615384615384616 0.038461538461538464
0 0.1502403846153846 0.5721153846153846 0.026442307692307692 0.03365384615384615
0 0.171875 0.5865384615384616 0.016826923076923076 0.05048076923076923
0 0.17548076923076922 0.6141826923076923 0.016826923076923076 0.06009615384615385
0 0.18389423076923078 0.7355769230769231 0.03125 0.08413461538461539
0 0.18389423076923078 0.33653846153846156 0.019230769230769232 0.07211538461538461
0 0.19230769230769232 0.5925480769230769 0.019230769230769232 0.06009615384615385
0 0.19471153846153846 0.890625 0.021634615384615384 0.125
0 0.21394230769230768 0.7163461538461539 0.021634615384615384 0.07932692307692307
0 0.22355769230769232 0.8966346153846154 0.038461538461538464 0.13221153846153846
0 0.2824519230769231 0.7764423076923077 0.11298076923076923 0.1778846153846154
0 0.24639423076923078 0.5721153846153846 0.009615384615384616 0.05048076923076923
0 0.25961538461538464 0.8725961538461539 0.028846153846153848 0.1346153846153846
0 0.2704326923076923 0.5432692307692307 0.02403846153846154 0.038461538461538464
0 0.28365384615384615 0.5829326923076923 0.014423076923076924 0.03365384615384615
0 0.28725961538461536 0.3389423076923077 0.016826923076923076 0.06490384615384616
0 0.2932692307692308 0.5408653846153846 0.016826923076923076 0.04807692307692308
0 0.2980769230769231 0.5108173076923077 0.007211538461538462 0.016826923076923076
0 0.3088942307692308 0.3389423076923077 0.019230769230769232 0.06009615384615385
0 0.3088942307692308 0.5516826923076923 0.014423076923076924 0.06009615384615385
0 0.3245192307692308 0.5492788461538461 0.014423076923076924 0.06009615384615385
0 0.33774038461538464 0.5384615384615384 0.009615384615384616 0.04807692307692308
0 0.34134615384615385 0.6069711538461539 0.014423076923076924 0.028846153846153848
0 0.35216346153846156 0.5288461538461539 0.016826923076923076 0.04807692307692308
0 0.3641826923076923 0.8329326923076923 0.03125 0.09375
0 0.35697115384615385 0.5456730769230769 0.009615384615384616 0.03365384615384615
0 0.37259615384615385 0.8509615384615384 0.040865384615384616 0.07211538461538461
0 0.36658653846153844 0.6382211538461539 0.026442307692307692 0.057692307692307696
0 0.3641826923076923 0.5168269230769231 0.016826923076923076 0.014423076923076924
0 0.3701923076923077 0.5504807692307693 0.01201923076923077 0.04326923076923077
0 0.3713942307692308 0.5132211538461539 0.009615384615384616 0.036057692307692304
0 0.41947115384615385 0.9447115384615384 0.10336538461538461 0.10817307692307693
0 0.38341346153846156 0.5168269230769231 0.009615384615384616 0.028846153846153848
0 0.41346153846153844 0.5012019230769231 0.038461538461538464 0.06009615384615385
0 0.4098557692307692 0.6838942307692307 0.028846153846153848 0.08173076923076923
0 0.4254807692307692 0.5973557692307693 0.057692307692307696 0.07692307692307693
0 0.421875 0.8389423076923077 0.036057692307692304 0.06009615384615385
0 0.4326923076923077 0.6838942307692307 0.016826923076923076 0.0889423076923077
0 0.4423076923076923 0.5084134615384616 0.021634615384615384 0.040865384615384616
0 0.46033653846153844 0.8846153846153846 0.052884615384615384 0.1201923076923077
0 0.45072115384615385 0.6754807692307693 0.019230769230769232 0.10096153846153846
0 0.4675480769230769 0.5252403846153846 0.05048076923076923 0.08173076923076923
0 0.46274038461538464 0.7848557692307693 0.038461538461538464 0.10817307692307693
0 0.46875 0.6370192307692307 0.014423076923076924 0.07451923076923077
0 0.4891826923076923 0.6201923076923077 0.014423076923076924 0.028846153846153848
0 0.49399038461538464 0.33774038461538464 0.016826923076923076 0.057692307692307696
0 0.4963942307692308 0.7463942307692307 0.021634615384615384 0.038461538461538464
0 0.5072115384615384 0.9675480769230769 0.03125 0.055288461538461536
0 0.5204326923076923 0.5072115384615384 0.05048076923076923 0.04567307692307692
0 0.5024038461538461 0.6081730769230769 0.01201923076923077 0.04567307692307692
0 0.5252403846153846 0.8665865384615384 0.04807692307692308 0.13942307692307693
0 0.5228365384615384 0.7223557692307693 0.026442307692307692 0.04326923076923077
0 0.5204326923076923 0.6334134615384616 0.014423076923076924 0.06490384615384616
0 0.5372596153846154 0.8473557692307693 0.03365384615384615 0.11538461538461539
0 0.5300480769230769 0.5625 0.01201923076923077 0.038461538461538464
0 0.5360576923076923 0.6322115384615384 0.019230769230769232 0.06971153846153846
0 0.5444711538461539 0.5661057692307693 0.016826923076923076 0.06490384615384616
0 0.546875 0.33774038461538464 0.016826923076923076 0.052884615384615384
0 0.5600961538461539 0.7728365384615384 0.04326923076923077 0.07932692307692307
0 0.5637019230769231 0.953125 0.05048076923076923 0.09134615384615384
0 0.5492788461538461 0.7019230769230769 0.007211538461538462 0.016826923076923076
0 0.5528846153846154 0.6189903846153846 0.01201923076923077 0.052884615384615384
0 0.5733173076923077 0.9182692307692307 0.05048076923076923 0.06490384615384616
0 0.5637019230769231 0.5108173076923077 0.01201923076923077 0.040865384615384616
0 0.5709134615384616 0.6165865384615384 0.016826923076923076 0.0625
0 0.5709134615384616 0.6790865384615384 0.01201923076923077 0.021634615384615384
0 0.5733173076923077 0.5288461538461539 0.016826923076923076 0.03125
0 0.5829326923076923 0.7403846153846154 0.036057692307692304 0.07451923076923077
0 0.5877403846153846 0.49158653846153844 0.028846153846153848 0.04326923076923077
0 0.5877403846153846 0.734375 0.02403846153846154 0.05048076923076923
0 0.5925480769230769 0.6610576923076923 0.028846153846153848 0.036057692307692304
0 0.5877403846153846 0.6117788461538461 0.01201923076923077 0.0625
0 0.6009615384615384 0.6129807692307693 0.014423076923076924 0.055288461538461536
0 0.6033653846153846 0.33774038461538464 0.016826923076923076 0.057692307692307696
0 0.6358173076923077 0.9447115384615384 0.07932692307692307 0.10096153846153846
0 0.6298076923076923 0.49399038461538464 0.055288461538461536 0.07692307692307693
0 0.6165865384615384 0.5384615384615384 0.014423076923076924 0.05048076923076923
0 0.6598557692307693 0.7704326923076923 0.07451923076923077 0.22115384615384615
0 0.6310096153846154 0.5252403846153846 0.009615384615384616 0.04326923076923077
0 0.6682692307692307 0.5757211538461539 0.055288461538461536 0.0673076923076923
0 0.6466346153846154 0.5396634615384616 0.009615384615384616 0.04807692307692308
0 0.6598557692307693 0.33774038461538464 0.016826923076923076 0.057692307692307696
0 0.65625 0.5396634615384616 0.007211538461538462 0.04807692307692308
0 0.6911057692307693 0.5036057692307693 0.04807692307692308 0.06490384615384616
0 0.7151442307692307 0.7908653846153846 0.04326923076923077 0.0673076923076923
0 0.7235576923076923 0.7524038461538461 0.04567307692307692 0.09134615384615384
0 0.7103365384615384 0.6574519230769231 0.009615384615384616 0.06490384615384616
0 0.7223557692307693 0.33653846153846156 0.01201923076923077 0.055288461538461536
0 0.7439903846153846 0.9771634615384616 0.05048076923076923 0.040865384615384616
0 0.7259615384615384 0.6286057692307693 0.009615384615384616 0.016826923076923076
0 0.7367788461538461 0.45913461538461536 0.009615384615384616 0.016826923076923076
0 0.7379807692307693 0.5072115384615384 0.009615384615384616 0.036057692307692304
0 0.7680288461538461 0.5588942307692307 0.05048076923076923 0.07932692307692307
0 0.7524038461538461 0.5012019230769231 0.009615384615384616 0.038461538461538464
0 0.7704326923076923 0.7944711538461539 0.040865384615384616 0.10576923076923077
0 0.7584134615384616 0.49759615384615385 0.007211538461538462 0.038461538461538464
0 0.7824519230769231 0.33774038461538464 0.016826923076923076 0.06009615384615385
0 0.7992788461538461 0.671875 0.021634615384615384 0.0889423076923077
0 0.8040865384615384 0.9651442307692307 0.03125 0.052884615384615384
0 0.8076923076923077 0.5168269230769231 0.038461538461538464 0.0673076923076923
0 0.8064903846153846 0.9302884615384616 0.028846153846153848 0.040865384615384616
0 0.8076923076923077 0.984375 0.028846153846153848 0.026442307692307692
0 0.8076923076923077 0.7091346153846154 0.02403846153846154 0.09134615384615384
0 0.8161057692307693 0.8846153846153846 0.038461538461538464 0.06971153846153846
0 0.8064903846153846 0.6105769230769231 0.014423076923076924 0.0673076923076923
0 0.8269230769230769 0.8028846153846154 0.028846153846153848 0.08173076923076923
0 0.8257211538461539 0.4951923076923077 0.009615384615384616 0.019230769230769232
0 0.8581730769230769 0.5841346153846154 0.06009615384615385 0.20673076923076922
0 0.8425480769230769 0.3317307692307692 0.016826923076923076 0.0625
0 0.8774038461538461 0.9675480769230769 0.06009615384615385 0.0625
0 0.8870192307692307 0.8040865384615384 0.07451923076923077 0.19230769230769232
0 0.8954326923076923 0.6442307692307693 0.04567307692307692 0.13221153846153846
0 0.9050480769230769 0.3317307692307692 0.016826923076923076 0.0625
0 0.9206730769230769 0.5384615384615384 0.04567307692307692 0.07451923076923077
0 0.9242788461538461 0.6129807692307693 0.016826923076923076 0.06009615384615385
0 0.9435096153846154 0.8713942307692307 0.04326923076923077 0.16346153846153846
0 0.9435096153846154 0.6346153846153846 0.019230769230769232 0.06971153846153846
0 0.9543269230769231 0.7067307692307693 0.038461538461538464 0.09134615384615384
0 0.9483173076923077 0.5348557692307693 0.016826923076923076 0.04807692307692308
0 0.9783653846153846 0.5324519230769231 0.038461538461538464 0.06971153846153846
0 0.9819711538461539 0.6646634615384616 0.016826923076923076 0.08173076923076923
0 0.9867788461538461 0.7367788461538461 0.02403846153846154 0.10336538461538461
0 0.9939903846153846 0.6658653846153846 0.009615384615384616 0.07451923076923077