0 0.0733173076923077 0.7572115384615384 0.07932692307692307 0.35096153846153844
0 0.06610576923076923 0.6165865384615384 0.036057692307692304 0.08413461538461539
0 0.12860576923076922 0.6490384615384616 0.052884615384615384 0.17548076923076922
0 0.2512019230769231 0.5480769230769231 0.03365384615384615 0.1201923076923077
0 0.28125 0.6766826923076923 0.040865384615384616 0.1201923076923077
0 0.3918269230769231 0.6201923076923077 0.09615384615384616 0.2644230769230769
0 0.5444711538461539 0.5637019230769231 0.03365384615384615 0.12740384615384615
0 0.5612980769230769 0.5600961538461539 0.02403846153846154 0.11057692307692307
0 0.578125 0.5661057692307693 0.03365384615384615 0.14182692307692307
0 0.609375 0.4639423076923077 0.021634615384615384 0.040865384615384616
0 0.6887019230769231 0.4375 0.07451923076923077 0.07211538461538461
0 0.7692307692307693 0.4254807692307692 0.057692307692307696 0.06009615384615385
0 0.8521634615384616 0.5300480769230769 0.04326923076923077 0.08413461538461539
0 0.9134615384615384 0.5612980769230769 0.03365384615384615 0.10576923076923077
0 0.9747596153846154 0.5600961538461539 0.036057692307692304 0.11778846153846154