0 0.546875 0.328125 0.036057692307692304 0.14182692307692307
0 0.6370192307692307 0.3473557692307692 0.03365384615384615 0.12259615384615384
0 0.25240384615384615 0.5012019230769231 0.057692307692307696 0.13221153846153846
0 0.6959134615384616 0.5072115384615384 0.038461538461538464 0.15384615384615385
0 0.6274038461538461 0.5576923076923077 0.040865384615384616 0.14903846153846154
0 0.5060096153846154 0.5961538461538461 0.06009615384615385 0.18269230769230768
0 0.02283653846153846 0.5997596153846154 0.040865384615384616 0.14182692307692307
0 0.42788461538461536 0.6286057692307693 0.04807692307692308 0.1658653846153846
0 0.3449519230769231 0.640625 0.06971153846153846 0.17548076923076922
0 0.15504807692307693 0.6514423076923077 0.06009615384615385 0.1778846153846154
0 0.828125 0.6646634615384616 0.038461538461538464 0.18509615384615385
0 0.8798076923076923 0.7283653846153846 0.040865384615384616 0.20192307692307693
0 0.9519230769230769 0.7584134615384616 0.04326923076923077 0.19471153846153846