0 0.5072115384615384 0.35336538461538464 0.038461538461538464 0.15144230769230768
0 0.6057692307692307 0.3737980769230769 0.038461538461538464 0.13221153846153846
0 0.18870192307692307 0.5396634615384616 0.06009615384615385 0.14423076923076922
0 0.6682692307692307 0.546875 0.040865384615384616 0.1658653846153846
0 0.5949519230769231 0.6009615384615384 0.04326923076923077 0.16105769230769232
0 0.46274038461538464 0.6430288461538461 0.06490384615384616 0.1971153846153846
0 0.3786057692307692 0.6778846153846154 0.052884615384615384 0.18028846153846154
0 0.28966346153846156 0.6899038461538461 0.07451923076923077 0.18990384615384615
0 0.08413461538461539 0.7019230769230769 0.0625 0.19230769230769232
0 0.8125 0.7163461538461539 0.04326923076923077 0.19951923076923078
0 0.8665865384615384 0.7848557692307693 0.04326923076923077 0.21875
0 0.9447115384615384 0.8173076923076923 0.04567307692307692 0.21153846153846154