0 0.5324519230769231 0.28966346153846156 0.036057692307692304 0.1466346153846154
0 0.6274038461538461 0.31009615384615385 0.036057692307692304 0.12980769230769232
0 0.22355769230769232 0.47115384615384615 0.06009615384615385 0.13942307692307693
0 0.6887019230769231 0.47716346153846156 0.038461538461538464 0.16105769230769232
0 0.6165865384615384 0.5300480769230769 0.04326923076923077 0.15625
0 0.4891826923076923 0.5709134615384616 0.0625 0.18990384615384615
0 0.4074519230769231 0.6045673076923077 0.05048076923076923 0.17307692307692307
0 0.32091346153846156 0.6165865384615384 0.07211538461538461 0.18509615384615385
0 0.12139423076923077 0.6286057692307693 0.06009615384615385 0.18509615384615385
0 0.8269230769230769 0.6418269230769231 0.040865384615384616 0.19471153846153846
0 0.8810096153846154 0.7091346153846154 0.04326923076923077 0.21153846153846154
0 0.9567307692307693 0.7403846153846154 0.04326923076923077 0.20432692307692307