0 0.3557692307692308 0.578125 0.08653846153846154 0.35096153846153844
0 0.4098557692307692 0.5865384615384616 0.08413461538461539 0.33653846153846156
0 0.4543269230769231 0.5961538461538461 0.17067307692307693 0.34375
0 0.41225961538461536 0.33653846153846156 0.052884615384615384 0.09134615384615384
0 0.4026442307692308 0.44591346153846156 0.02403846153846154 0.052884615384615384
0 0.45552884615384615 0.34375 0.04326923076923077 0.0889423076923077
0 0.4567307692307692 0.2800480769230769 0.021634615384615384 0.03365384615384615
0 0.5036057692307693 0.33653846153846156 0.0673076923076923 0.10576923076923077
0 0.5360576923076923 0.34134615384615385 0.028846153846153848 0.06971153846153846
0 0.5817307692307693 0.6045673076923077 0.10576923076923077 0.34134615384615385
0 0.5564903846153846 0.32091346153846156 0.038461538461538464 0.07211538461538461
0 0.5757211538461539 0.3317307692307692 0.02403846153846154 0.06009615384615385
0 0.6286057692307693 0.5829326923076923 0.10576923076923077 0.35096153846153844