0 0.14182692307692307 0.8425480769230769 0.07932692307692307 0.16346153846153846
0 0.2776442307692308 0.8245192307692307 0.08173076923076923 0.16826923076923078
0 0.2692307692307692 0.828125 0.06009615384615385 0.16346153846153846
0 0.32572115384615385 0.8245192307692307 0.08413461538461539 0.16826923076923078
0 0.38100961538461536 0.8269230769230769 0.055288461538461536 0.16105769230769232
0 0.42788461538461536 0.7716346153846154 0.06009615384615385 0.05048076923076923
0 0.5192307692307693 0.8269230769230769 0.07692307692307693 0.16105769230769232
0 0.6021634615384616 0.8257211538461539 0.06490384615384616 0.16105769230769232
0 0.640625 0.7668269230769231 0.04807692307692308 0.06009615384615385
0 0.71875 0.8293269230769231 0.06971153846153846 0.17307692307692307
0 0.8930288461538461 0.8221153846153846 0.0673076923076923 0.16826923076923078