0 0.0733173076923077 0.9278846153846154 0.04567307692307692 0.13942307692307693
0 0.12620192307692307 0.34615384615384615 0.10096153846153846 0.12259615384615384
0 0.1045673076923077 0.2548076923076923 0.019230769230769232 0.04326923076923077
0 0.5012019230769231 0.390625 0.0673076923076923 0.1778846153846154
0 0.49278846153846156 0.06009615384615385 0.019230769230769232 0.036057692307692304
0 0.5180288461538461 0.9302884615384616 0.04326923076923077 0.13701923076923078
0 0.5360576923076923 0.9134615384615384 0.036057692307692304 0.17067307692307693
0 0.5336538461538461 0.06370192307692307 0.007211538461538462 0.038461538461538464
0 0.5372596153846154 0.057692307692307696 0.01201923076923077 0.028846153846153848
0 0.5528846153846154 0.21153846153846154 0.02403846153846154 0.0673076923076923
0 0.6045673076923077 0.9230769230769231 0.038461538461538464 0.15144230769230768
0 0.6057692307692307 0.19230769230769232 0.01201923076923077 0.06009615384615385
0 0.6141826923076923 0.037259615384615384 0.007211538461538462 0.019230769230769232
0 0.6478365384615384 0.8882211538461539 0.06490384615384616 0.20192307692307693
0 0.6370192307692307 0.040865384615384616 0.009615384615384616 0.040865384615384616
0 0.6658653846153846 0.039663461538461536 0.028846153846153848 0.04326923076923077
0 0.7091346153846154 0.9170673076923077 0.04326923076923077 0.16346153846153846
0 0.734375 0.9146634615384616 0.04567307692307692 0.1658653846153846
0 0.7764423076923077 0.13341346153846154 0.03365384615384615 0.07211538461538461
0 0.7920673076923077 0.9375 0.036057692307692304 0.1201923076923077
0 0.8329326923076923 0.9314903846153846 0.021634615384615384 0.13221153846153846
0 0.8485576923076923 0.9459134615384616 0.040865384615384616 0.10576923076923077
0 0.8882211538461539 0.9507211538461539 0.03125 0.09615384615384616
0 0.9038461538461539 0.9435096153846154 0.03125 0.11057692307692307
0 0.9038461538461539 0.3581730769230769 0.014423076923076924 0.04807692307692308
0 0.9194711538461539 0.40024038461538464 0.04326923076923077 0.10096153846153846
0 0.9362980769230769 0.9254807692307693 0.028846153846153848 0.06971153846153846
0 0.9411057692307693 0.9603365384615384 0.038461538461538464 0.07692307692307693
0 0.9495192307692307 0.8978365384615384 0.02403846153846154 0.09134615384615384
0 0.9675480769230769 0.9411057692307693 0.026442307692307692 0.11538461538461539