0 0.03365384615384615 0.4579326923076923 0.06490384615384616 0.18028846153846154
0 0.09375 0.4254807692307692 0.05048076923076923 0.28365384615384615
0 0.1502403846153846 0.45552884615384615 0.0985576923076923 0.3557692307692308
0 0.19230769230769232 0.3713942307692308 0.04326923076923077 0.21394230769230768
0 0.22235576923076922 0.45913461538461536 0.07932692307692307 0.3293269230769231
0 0.2283653846153846 0.4230769230769231 0.026442307692307692 0.23076923076923078
0 0.28125 0.4807692307692308 0.11778846153846154 0.31490384615384615
0 0.24759615384615385 0.3942307692307692 0.038461538461538464 0.1346153846153846
0 0.3269230769230769 0.4423076923076923 0.057692307692307696 0.31009615384615385
0 0.38100961538461536 0.44711538461538464 0.04807692307692308 0.16346153846153846
0 0.3858173076923077 0.3629807692307692 0.052884615384615384 0.13942307692307693
0 0.421875 0.4651442307692308 0.11057692307692307 0.33413461538461536
0 0.42908653846153844 0.40384615384615385 0.04807692307692308 0.2403846153846154
0 0.4375 0.31850961538461536 0.028846153846153848 0.040865384615384616
0 0.4567307692307692 0.3473557692307692 0.021634615384615384 0.0625
0 0.48197115384615385 0.41225961538461536 0.040865384615384616 0.15625
0 0.5144230769230769 0.4338942307692308 0.08653846153846154 0.2692307692307692
0 0.5432692307692307 0.4266826923076923 0.06490384615384616 0.30288461538461536
0 0.5576923076923077 0.46153846153846156 0.02403846153846154 0.1346153846153846
0 0.5817307692307693 0.4254807692307692 0.05048076923076923 0.18509615384615385
0 0.6262019230769231 0.43990384615384615 0.0673076923076923 0.3125
0 0.6694711538461539 0.43509615384615385 0.07692307692307693 0.37740384615384615
0 0.7259615384615384 0.39783653846153844 0.08653846153846154 0.23076923076923078
0 0.7211538461538461 0.42427884615384615 0.06490384615384616 0.3701923076923077
0 0.7632211538461539 0.41586538461538464 0.036057692307692304 0.2932692307692308
0 0.8137019230769231 0.4423076923076923 0.07451923076923077 0.2620192307692308