0 0.35697115384615385 0.7824519230769231 0.03125 0.0625
0 0.390625 0.7692307692307693 0.01201923076923077 0.07211538461538461
0 0.4362980769230769 0.7920673076923077 0.02403846153846154 0.09134615384615384
0 0.46634615384615385 0.7836538461538461 0.026442307692307692 0.10336538461538461
0 0.5504807692307693 0.8269230769230769 0.055288461538461536 0.18028846153846154
0 0.5733173076923077 0.7896634615384616 0.016826923076923076 0.055288461538461536
0 0.6165865384615384 0.8425480769230769 0.03365384615384615 0.1971153846153846
0 0.6165865384615384 0.859375 0.028846153846153848 0.15384615384615385
0 0.6838942307692307 0.84375 0.06009615384615385 0.2620192307692308
0 0.7548076923076923 0.8365384615384616 0.028846153846153848 0.17067307692307693
0 0.7848557692307693 0.8677884615384616 0.03365384615384615 0.13221153846153846