0 0.06610576923076923 0.78125 0.13221153846153846 0.43509615384615385
0 0.07091346153846154 0.2512019230769231 0.10817307692307693 0.18990384615384615
0 0.0673076923076923 0.36658653846153844 0.055288461538461536 0.3269230769230769
0 0.2127403846153846 0.78125 0.28365384615384615 0.43509615384615385
0 0.16466346153846154 0.3112980769230769 0.15384615384615385 0.1346153846153846
0 0.14783653846153846 0.4362980769230769 0.0625 0.13701923076923078
0 0.21394230769230768 0.39783653846153844 0.04567307692307692 0.18509615384615385
0 0.24879807692307693 0.41466346153846156 0.057692307692307696 0.15384615384615385
0 0.30649038461538464 0.5420673076923077 0.14182692307692307 0.13221153846153846
0 0.2932692307692308 0.6694711538461539 0.10576923076923077 0.16346153846153846
0 0.3076923076923077 0.34615384615384615 0.13221153846153846 0.16346153846153846
0 0.33533653846153844 0.46875 0.08413461538461539 0.11298076923076923
0 0.4026442307692308 0.7848557692307693 0.18990384615384615 0.4254807692307692
0 0.3605769230769231 0.3894230769230769 0.028846153846153848 0.057692307692307696
0 0.38221153846153844 0.33653846153846156 0.04567307692307692 0.0673076923076923
0 0.3858173076923077 0.4543269230769231 0.040865384615384616 0.19230769230769232
0 0.44591346153846156 0.3137019230769231 0.12259615384615384 0.08653846153846154
0 0.43149038461538464 0.4579326923076923 0.0625 0.17548076923076922
0 0.46274038461538464 0.59375 0.0985576923076923 0.31490384615384615
0 0.43509615384615385 0.35336538461538464 0.040865384615384616 0.06971153846153846
0 0.4879807692307692 0.3641826923076923 0.04567307692307692 0.07211538461538461
0 0.5048076923076923 0.42788461538461536 0.06009615384615385 0.14182692307692307
0 0.5492788461538461 0.6430288461538461 0.10817307692307693 0.4230769230769231
0 0.5144230769230769 0.3329326923076923 0.028846153846153848 0.10336538461538461
0 0.5480769230769231 0.38221153846153844 0.038461538461538464 0.125
0 0.5769230769230769 0.33774038461538464 0.03365384615384615 0.09615384615384616
0 0.6069711538461539 0.43149038461538464 0.0625 0.1875
0 0.65625 0.6358173076923077 0.12740384615384615 0.41586538461538464
0 0.6105769230769231 0.3389423076923077 0.028846153846153848 0.08413461538461539
0 0.6454326923076923 0.3629807692307692 0.040865384615384616 0.13221153846153846
0 0.6730769230769231 0.3389423076923077 0.02403846153846154 0.08173076923076923
0 0.6995192307692307 0.46274038461538464 0.052884615384615384 0.19471153846153846
0 0.7067307692307693 0.33653846153846156 0.03365384615384615 0.07692307692307693
0 0.7944711538461539 0.6310096153846154 0.15865384615384615 0.43028846153846156
0 0.7355769230769231 0.3954326923076923 0.03365384615384615 0.16346153846153846
0 0.78125 0.49158653846153844 0.08653846153846154 0.3004807692307692
0 0.7692307692307693 0.34615384615384615 0.03365384615384615 0.10336538461538461
0 0.8137019230769231 0.33774038461538464 0.026442307692307692 0.08173076923076923
0 0.8449519230769231 0.5 0.057692307692307696 0.25
0 0.8497596153846154 0.359375 0.036057692307692304 0.0985576923076923
0 0.9266826923076923 0.6862980769230769 0.14423076923076922 0.2980769230769231
0 0.8762019230769231 0.359375 0.03125 0.10336538461538461
0 0.9110576923076923 0.4567307692307692 0.06009615384615385 0.21153846153846154
0 0.9182692307692307 0.3629807692307692 0.038461538461538464 0.11538461538461539
0 0.9663461538461539 0.3954326923076923 0.055288461538461536 0.17307692307692307