0 0.6574519230769231 0.7079326923076923 0.06971153846153846 0.2692307692307692
0 0.06490384615384616 0.6947115384615384 0.0625 0.19471153846153846
0 0.1502403846153846 0.6826923076923077 0.04807692307692308 0.19951923076923078
0 0.21394230769230768 0.6862980769230769 0.055288461538461536 0.22115384615384615
0 0.2668269230769231 0.6971153846153846 0.0625 0.3245192307692308
0 0.3173076923076923 0.6947115384615384 0.052884615384615384 0.1778846153846154
0 0.3269230769230769 0.6983173076923077 0.04567307692307692 0.2620192307692308
0 0.36538461538461536 0.6574519230769231 0.028846153846153848 0.11298076923076923
0 0.390625 0.7055288461538461 0.052884615384615384 0.21394230769230768
0 0.5036057692307693 0.6971153846153846 0.028846153846153848 0.15865384615384615
0 0.5384615384615384 0.6959134615384616 0.028846153846153848 0.15865384615384615
0 0.6033653846153846 0.7211538461538461 0.05048076923076923 0.21875
0 0.7956730769230769 0.6899038461538461 0.02403846153846154 0.10336538461538461
0 0.8173076923076923 0.6887019230769231 0.026442307692307692 0.14903846153846154
0 0.8521634615384616 0.6862980769230769 0.04326923076923077 0.14182692307692307
0 0.9254807692307693 0.6911057692307693 0.04326923076923077 0.23557692307692307
0 0.9627403846153846 0.6911057692307693 0.06971153846153846 0.28125