0 0.49038461538461536 0.6237980769230769 0.07932692307692307 0.13221153846153846
0 0.15144230769230768 0.4855769230769231 0.04807692307692308 0.07692307692307693
0 0.19110576923076922 0.2403846153846154 0.05048076923076923 0.06971153846153846
0 0.21634615384615385 0.8076923076923077 0.06490384615384616 0.07932692307692307
0 0.22716346153846154 0.5576923076923077 0.052884615384615384 0.10096153846153846
0 0.2403846153846154 0.42788461538461536 0.04807692307692308 0.05048076923076923
0 0.2548076923076923 0.2692307692307692 0.04567307692307692 0.057692307692307696
0 0.3269230769230769 0.5168269230769231 0.04807692307692308 0.06490384615384616
0 0.3401442307692308 0.2860576923076923 0.06009615384615385 0.07692307692307693
0 0.42788461538461536 0.19831730769230768 0.03125 0.026442307692307692
0 0.4963942307692308 0.4423076923076923 0.07932692307692307 0.10096153846153846
0 0.5012019230769231 0.2956730769230769 0.02403846153846154 0.040865384615384616
0 0.5745192307692307 0.20673076923076922 0.03125 0.03125
0 0.6478365384615384 0.2980769230769231 0.06009615384615385 0.07211538461538461
0 0.6646634615384616 0.5288461538461539 0.04567307692307692 0.0673076923076923
0 0.7391826923076923 0.44591346153846156 0.04567307692307692 0.06009615384615385
0 0.7463942307692307 0.2932692307692308 0.04807692307692308 0.06009615384615385
0 0.7524038461538461 0.5697115384615384 0.0625 0.0985576923076923
0 0.8197115384615384 0.27524038461538464 0.04326923076923077 0.0625
0 0.8473557692307693 0.5096153846153846 0.06490384615384616 0.07692307692307693