0 0.01201923076923077 0.5877403846153846 0.02403846153846154 0.17548076923076922
0 0.037259615384615384 0.5901442307692307 0.06490384615384616 0.19951923076923078
0 0.078125 0.5576923076923077 0.03125 0.09615384615384616
0 0.09615384615384616 0.5841346153846154 0.040865384615384616 0.1971153846153846
0 0.1814903846153846 0.6117788461538461 0.06490384615384616 0.1201923076923077
0 0.18389423076923078 0.3245192307692308 0.019230769230769232 0.052884615384615384
0 0.2620192307692308 0.5625 0.057692307692307696 0.07932692307692307
0 0.30288461538461536 0.6021634615384616 0.0673076923076923 0.18990384615384615
0 0.2920673076923077 0.5444711538461539 0.016826923076923076 0.03365384615384615
0 0.3269230769230769 0.5685096153846154 0.016826923076923076 0.08173076923076923
0 0.3762019230769231 0.5997596153846154 0.07692307692307693 0.16346153846153846
0 0.4375 0.5360576923076923 0.03125 0.06490384615384616
0 0.43149038461538464 0.5829326923076923 0.016826923076923076 0.038461538461538464
0 0.4483173076923077 0.1814903846153846 0.040865384615384616 0.0985576923076923
0 0.4735576923076923 0.5132211538461539 0.03365384615384615 0.11778846153846154