0 0.07091346153846154 0.7247596153846154 0.10336538461538461 0.3317307692307692
0 0.19230769230769232 0.6862980769230769 0.16826923076923078 0.5384615384615384
0 0.3762019230769231 0.6850961538461539 0.08173076923076923 0.0625
0 0.5216346153846154 0.6947115384615384 0.08173076923076923 0.09134615384615384
0 0.5564903846153846 0.6466346153846154 0.04567307692307692 0.11298076923076923
0 0.6358173076923077 0.7980769230769231 0.16826923076923078 0.27163461538461536
0 0.6670673076923077 0.6971153846153846 0.06490384615384616 0.06490384615384616
0 0.7247596153846154 0.6814903846153846 0.055288461538461536 0.07932692307692307
0 0.7524038461538461 0.7487980769230769 0.0985576923076923 0.18990384615384615
0 0.7824519230769231 0.8016826923076923 0.1346153846153846 0.25240384615384615
0 0.8798076923076923 0.8425480769230769 0.1971153846153846 0.31009615384615385
0 0.8677884615384616 0.7259615384615384 0.07451923076923077 0.13221153846153846
0 0.9567307692307693 0.7391826923076923 0.08173076923076923 0.13701923076923078