0 0.6875 0.5877403846153846 0.06009615384615385 0.22596153846153846
0 0.1658653846153846 0.5456730769230769 0.09615384615384616 0.36538461538461536
0 0.25721153846153844 0.4639423076923077 0.14903846153846154 0.23076923076923078
0 0.3473557692307692 0.47596153846153844 0.09615384615384616 0.1875
0 0.4423076923076923 0.7043269230769231 0.10096153846153846 0.5456730769230769
0 0.5060096153846154 0.7091346153846154 0.08653846153846154 0.49038461538461536
0 0.5853365384615384 0.5793269230769231 0.07451923076923077 0.21153846153846154
0 0.625 0.5649038461538461 0.06490384615384616 0.2403846153846154
0 0.7451923076923077 0.6550480769230769 0.09615384615384616 0.19471153846153846
0 0.7427884615384616 0.5408653846153846 0.08173076923076923 0.21394230769230768
0 0.7800480769230769 0.5673076923076923 0.04326923076923077 0.17067307692307693
0 0.8197115384615384 0.5721153846153846 0.06009615384615385 0.14903846153846154
0 0.8557692307692307 0.6502403846153846 0.07451923076923077 0.15384615384615385
0 0.9399038461538461 0.6057692307692307 0.09615384615384616 0.24759615384615385