0 0.7944711538461539 0.6634615384615384 0.052884615384615384 0.22115384615384615
0 0.4987980769230769 0.2512019230769231 0.9975961538461539 0.5024038461538461
0 0.06009615384615385 0.5168269230769231 0.038461538461538464 0.13221153846153846
0 0.16105769230769232 0.5637019230769231 0.04567307692307692 0.16826923076923078
0 0.2439903846153846 0.5721153846153846 0.03365384615384615 0.17307692307692307
0 0.5192307692307693 0.5 0.01201923076923077 0.11057692307692307
0 0.5432692307692307 0.5132211538461539 0.021634615384615384 0.10096153846153846
0 0.5685096153846154 0.5949519230769231 0.057692307692307696 0.17548076923076922
0 0.5913461538461539 0.5649038461538461 0.03365384615384615 0.1346153846153846
0 0.6201923076923077 0.5084134615384616 0.038461538461538464 0.08653846153846154
0 0.6838942307692307 0.5288461538461539 0.036057692307692304 0.11298076923076923
0 0.7355769230769231 0.5576923076923077 0.04567307692307692 0.14423076923076922