0 0.7764423076923077 0.625 0.18269230769230768 0.53125
0 0.08774038461538461 0.5288461538461539 0.16105769230769232 0.8028846153846154
0 0.2091346153846154 0.41947115384615385 0.07932692307692307 0.21634615384615385
0 0.2704326923076923 0.40625 0.0625 0.21634615384615385
0 0.33413461538461536 0.40024038461538464 0.06971153846153846 0.19471153846153846
0 0.3942307692307692 0.4074519230769231 0.06009615384615385 0.18028846153846154
0 0.4387019230769231 0.3954326923076923 0.036057692307692304 0.17307692307692307
0 0.5012019230769231 0.4014423076923077 0.06009615384615385 0.18990384615384615
0 0.5420673076923077 0.41346153846153844 0.06009615384615385 0.1875
0 0.5853365384615384 0.4074519230769231 0.04567307692307692 0.17548076923076922
0 0.6262019230769231 0.41466346153846156 0.06009615384615385 0.18509615384615385
0 0.6802884615384616 0.4098557692307692 0.06971153846153846 0.14903846153846154