0 0.08173076923076923 0.4963942307692308 0.0673076923076923 0.1875
0 0.14543269230769232 0.578125 0.10096153846153846 0.14423076923076922
0 0.1310096153846154 0.4723557692307692 0.019230769230769232 0.08653846153846154
0 0.17908653846153846 0.5336538461538461 0.0889423076923077 0.20432692307692307
0 0.25600961538461536 0.5745192307692307 0.07692307692307693 0.16346153846153846
0 0.32211538461538464 0.5973557692307693 0.055288461538461536 0.10576923076923077
0 0.37259615384615385 0.5769230769230769 0.07932692307692307 0.125
0 0.38822115384615385 0.5997596153846154 0.07451923076923077 0.11778846153846154
0 0.7163461538461539 0.5456730769230769 0.15865384615384615 0.2283653846153846
0 0.7055288461538461 0.6081730769230769 0.03365384615384615 0.06009615384615385
0 0.7956730769230769 0.5901442307692307 0.06971153846153846 0.12259615384615384
0 0.8930288461538461 0.5841346153846154 0.06009615384615385 0.06490384615384616