0 0.44471153846153844 0.4026442307692308 0.09375 0.1466346153846154
0 0.5612980769230769 0.6875 0.038461538461538464 0.10096153846153846
0 0.6189903846153846 0.6850961538461539 0.04567307692307692 0.10576923076923077
0 0.6694711538461539 0.703125 0.03125 0.10817307692307693
0 0.6995192307692307 0.6838942307692307 0.02403846153846154 0.08413461538461539
0 0.734375 0.6574519230769231 0.038461538461538464 0.05048076923076923
0 0.7740384615384616 0.6610576923076923 0.028846153846153848 0.040865384615384616
0 0.8269230769230769 0.7019230769230769 0.06971153846153846 0.10336538461538461
0 0.8918269230769231 0.6694711538461539 0.026442307692307692 0.028846153846153848
0 0.9507211538461539 0.6850961538461539 0.038461538461538464 0.08173076923076923
0 0.9639423076923077 0.6670673076923077 0.016826923076923076 0.03365384615384615
0 0.9927884615384616 0.6538461538461539 0.009615384615384616 0.10096153846153846