0 0.04326923076923077 0.44711538461538464 0.08653846153846154 0.33653846153846156
0 0.051682692307692304 0.7247596153846154 0.10336538461538461 0.16105769230769232
0 0.5396634615384616 0.7668269230769231 0.9158653846153846 0.46153846153846156
0 0.20552884615384615 0.4387019230769231 0.21153846153846154 0.32211538461538464
0 0.16947115384615385 0.6754807692307693 0.11057692307692307 0.15384615384615385
0 0.23076923076923078 0.6538461538461539 0.06971153846153846 0.09134615384615384
0 0.36899038461538464 0.43149038461538464 0.07211538461538461 0.27403846153846156
0 0.43028846153846156 0.42788461538461536 0.052884615384615384 0.25961538461538464
0 0.49038461538461536 0.41947115384615385 0.06971153846153846 0.2548076923076923
0 0.5600961538461539 0.4387019230769231 0.057692307692307696 0.25240384615384615
0 0.6105769230769231 0.43509615384615385 0.07451923076923077 0.2403846153846154
0 0.6766826923076923 0.42427884615384615 0.057692307692307696 0.2644230769230769