0 0.5769230769230769 0.8028846153846154 0.08413461538461539 0.10096153846153846
0 0.3701923076923077 0.5144230769230769 0.019230769230769232 0.028846153846153848
0 0.375 0.4831730769230769 0.019230769230769232 0.019230769230769232
0 0.4338942307692308 0.8353365384615384 0.1201923076923077 0.13701923076923078
0 0.44711538461538464 0.47716346153846156 0.014423076923076924 0.021634615384615384
0 0.4735576923076923 0.5096153846153846 0.028846153846153848 0.009615384615384616
0 0.5168269230769231 0.5 0.014423076923076924 0.019230769230769232
0 0.5901442307692307 0.47836538461538464 0.021634615384615384 0.02403846153846154
0 0.6237980769230769 0.46875 0.016826923076923076 0.03125
0 0.640625 0.47475961538461536 0.016826923076923076 0.02403846153846154
0 0.6899038461538461 0.5132211538461539 0.03365384615384615 0.038461538461538464
0 0.8497596153846154 0.5901442307692307 0.04326923076923077 0.038461538461538464
0 0.8665865384615384 0.4807692307692308 0.019230769230769232 0.028846153846153848
0 0.9819711538461539 0.46634615384615385 0.028846153846153848 0.036057692307692304