0 0.3870192307692308 0.6334134615384616 0.07451923076923077 0.25240384615384615
0 0.2932692307692308 0.8125 0.0625 0.11778846153846154
0 0.3076923076923077 0.44591346153846156 0.07692307692307693 0.1466346153846154
0 0.3858173076923077 0.30649038461538464 0.21634615384615385 0.11538461538461539
0 0.4014423076923077 0.8125 0.057692307692307696 0.1201923076923077
0 0.4987980769230769 0.5228365384615384 0.0889423076923077 0.21875
0 0.5012019230769231 0.8137019230769231 0.055288461538461536 0.1201923076923077
0 0.6262019230769231 0.3293269230769231 0.22596153846153846 0.1346153846153846
0 0.5997596153846154 0.8125 0.057692307692307696 0.11298076923076923
0 0.6141826923076923 0.6274038461538461 0.057692307692307696 0.23317307692307693
0 0.6923076923076923 0.4375 0.07211538461538461 0.15144230769230768
0 0.7043269230769231 0.8052884615384616 0.06009615384615385 0.11778846153846154