0 0.12379807692307693 0.5540865384615384 0.052884615384615384 0.15865384615384615
0 0.014423076923076924 0.5841346153846154 0.028846153846153848 0.12259615384615384
0 0.11778846153846154 0.8125 0.23557692307692307 0.37259615384615385
0 0.12980769230769232 0.7487980769230769 0.15625 0.33653846153846156
0 0.20673076923076922 0.5036057692307693 0.036057692307692304 0.13221153846153846
0 0.22956730769230768 0.5625 0.0673076923076923 0.12980769230769232
0 0.2848557692307692 0.7608173076923077 0.12980769230769232 0.3942307692307692
0 0.3245192307692308 0.4831730769230769 0.06971153846153846 0.15384615384615385
0 0.3581730769230769 0.6105769230769231 0.08413461538461539 0.17548076923076922
0 0.4891826923076923 0.7752403846153846 0.2620192307692308 0.44711538461538464
0 0.3918269230769231 0.53125 0.06490384615384616 0.11778846153846154
0 0.39663461538461536 0.4831730769230769 0.06971153846153846 0.15865384615384615
0 0.3942307692307692 0.40384615384615385 0.028846153846153848 0.04567307692307692
0 0.39302884615384615 0.359375 0.02403846153846154 0.038461538461538464
0 0.3954326923076923 0.3076923076923077 0.02403846153846154 0.04326923076923077
0 0.45913461538461536 0.5492788461538461 0.06971153846153846 0.11778846153846154
0 0.4675480769230769 0.49399038461538464 0.07692307692307693 0.16105769230769232
0 0.5420673076923077 0.6105769230769231 0.12740384615384615 0.24278846153846154
0 0.5396634615384616 0.49158653846153844 0.06971153846153846 0.17307692307692307
0 0.6694711538461539 0.5685096153846154 0.08173076923076923 0.17548076923076922
0 0.6502403846153846 0.5012019230769231 0.038461538461538464 0.0985576923076923
0 0.7079326923076923 0.6526442307692307 0.1346153846153846 0.24278846153846154
0 0.8004807692307693 0.8497596153846154 0.25240384615384615 0.2980769230769231
0 0.8064903846153846 0.5132211538461539 0.06009615384615385 0.13221153846153846
0 0.828125 0.5444711538461539 0.09615384615384616 0.13701923076923078
0 0.8389423076923077 0.5829326923076923 0.11778846153846154 0.22355769230769232
0 0.9122596153846154 0.6189903846153846 0.14903846153846154 0.24278846153846154