0 0.9194711538461539 0.6598557692307693 0.042067307692307696 0.057692307692307696
0 0.7668269230769231 0.7391826923076923 0.03485576923076923 0.046875
0 0.6418269230769231 0.7560096153846154 0.046875 0.04567307692307692
0 0.6838942307692307 0.7848557692307693 0.051682692307692304 0.051682692307692304
0 0.7175480769230769 0.8233173076923077 0.042067307692307696 0.040865384615384616
0 0.17548076923076922 0.8509615384615384 0.056490384615384616 0.056490384615384616
0 0.6995192307692307 0.8533653846153846 0.046875 0.046875
0 0.15504807692307693 0.9050480769230769 0.052884615384615384 0.055288461538461536
0 0.4387019230769231 0.3786057692307692 0.04326923076923077 0.04567307692307692
0 0.41225961538461536 0.38221153846153844 0.046875 0.04567307692307692
0 0.3798076923076923 0.3870192307692308 0.027644230769230768 0.06610576923076923
0 0.9194711538461539 0.4326923076923077 0.042067307692307696 0.052884615384615384