0 0.9122596153846154 0.5564903846153846 0.04567307692307692 0.0625
0 0.7572115384615384 0.6189903846153846 0.03485576923076923 0.06610576923076923
0 0.6069711538461539 0.6442307692307693 0.051682692307692304 0.05048076923076923
0 0.6694711538461539 0.6971153846153846 0.030048076923076924 0.06610576923076923
0 0.7067307692307693 0.7355769230769231 0.038461538461538464 0.038461538461538464
0 0.6682692307692307 0.7584134615384616 0.042067307692307696 0.042067307692307696
0 0.9302884615384616 0.7716346153846154 0.04567307692307692 0.046875
0 0.1971153846153846 0.9675480769230769 0.03485576923076923 0.06129807692307692
0 0.4254807692307692 0.22716346153846154 0.04807692307692308 0.04807692307692308
0 0.3942307692307692 0.23076923076923078 0.026442307692307692 0.06971153846153846
0 0.36658653846153844 0.23076923076923078 0.042067307692307696 0.042067307692307696