0 0.45072115384615385 0.5192307692307693 0.042067307692307696 0.038461538461538464
0 0.3942307692307692 0.5252403846153846 0.025240384615384616 0.056490384615384616
0 0.4254807692307692 0.5300480769230769 0.025240384615384616 0.0625
0 0.9230769230769231 0.5396634615384616 0.046875 0.04807692307692308
0 0.14543269230769232 0.7427884615384616 0.03485576923076923 0.05889423076923077
0 0.12740384615384615 0.7980769230769231 0.04807692307692308 0.04807692307692308
0 0.7800480769230769 0.8473557692307693 0.06129807692307692 0.05889423076923077
0 0.6826923076923077 0.8677884615384616 0.04326923076923077 0.04567307692307692
0 0.7091346153846154 0.8689903846153846 0.03485576923076923 0.055288461538461536
0 0.7427884615384616 0.8966346153846154 0.046875 0.046875
0 0.7331730769230769 0.9435096153846154 0.03485576923076923 0.06370192307692307
0 0.9278846153846154 0.3233173076923077 0.046875 0.046875