0 0.7596153846153846 0.5805288461538461 0.046875 0.04807692307692308
0 0.9098557692307693 0.5973557692307693 0.055288461538461536 0.055288461538461536
0 0.6009615384615384 0.6081730769230769 0.027644230769230768 0.06370192307692307
0 0.6634615384615384 0.65625 0.037259615384615384 0.06850961538461539
0 0.6947115384615384 0.6983173076923077 0.03125 0.046875
0 0.65625 0.7127403846153846 0.046875 0.04807692307692308
0 0.9338942307692307 0.8064903846153846 0.042067307692307696 0.0625
0 0.20432692307692307 0.9807692307692307 0.03125 0.03245192307692308
0 0.3629807692307692 0.17307692307692307 0.042067307692307696 0.042067307692307696
0 0.4182692307692308 0.17307692307692307 0.025240384615384616 0.07211538461538461
0 0.3870192307692308 0.1814903846153846 0.046875 0.05048076923076923