0 0.12379807692307693 0.5985576923076923 0.04807692307692308 0.052884615384615384
0 0.10096153846153846 0.6526442307692307 0.04567307692307692 0.04326923076923077
0 0.46274038461538464 0.7223557692307693 0.021634615384615384 0.05889423076923077
0 0.43990384615384615 0.7247596153846154 0.038461538461538464 0.038461538461538464
0 0.4074519230769231 0.7259615384615384 0.037259615384615384 0.037259615384615384
0 0.8088942307692307 0.9495192307692307 0.057692307692307696 0.057692307692307696
0 0.7439903846153846 0.9639423076923077 0.04567307692307692 0.056490384615384616
0 0.33413461538461536 0.09735576923076923 0.052884615384615384 0.055288461538461536
0 0.7800480769230769 0.9747596153846154 0.04326923076923077 0.04326923076923077
0 0.7307692307692307 0.9747596153846154 0.038461538461538464 0.038461538461538464
0 0.9543269230769231 0.18028846153846154 0.051682692307692304 0.052884615384615384
0 0.9314903846153846 0.3918269230769231 0.04567307692307692 0.05889423076923077