0 0.9170673076923077 0.6189903846153846 0.040865384615384616 0.06129807692307692
0 0.7716346153846154 0.7692307692307693 0.04807692307692308 0.04807692307692308
0 0.6550480769230769 0.7956730769230769 0.04326923076923077 0.04326923076923077
0 0.1622596153846154 0.8088942307692307 0.03125 0.06610576923076923
0 0.6911057692307693 0.8088942307692307 0.03125 0.056490384615384616
0 0.7247596153846154 0.8473557692307693 0.051682692307692304 0.05048076923076923
0 0.14423076923076922 0.8677884615384616 0.037259615384615384 0.0733173076923077
0 0.7079326923076923 0.8822115384615384 0.040865384615384616 0.06610576923076923
0 0.9182692307692307 0.39903846153846156 0.04567307692307692 0.046875
0 0.44350961538461536 0.42427884615384615 0.04326923076923077 0.04567307692307692
0 0.41346153846153844 0.43149038461538464 0.025240384615384616 0.06971153846153846
0 0.38461538461538464 0.43509615384615385 0.026442307692307692 0.0625