0 0.9290865384615384 0.46274038461538464 0.042067307692307696 0.03485576923076923
0 0.46153846153846156 0.6213942307692307 0.037259615384615384 0.037259615384615384
0 0.4375 0.625 0.037259615384615384 0.037259615384615384
0 0.4026442307692308 0.6274038461538461 0.026442307692307692 0.04807692307692308
0 0.13701923076923078 0.6754807692307693 0.038461538461538464 0.04807692307692308
0 0.1201923076923077 0.7247596153846154 0.052884615384615384 0.055288461538461536
0 0.7908653846153846 0.9158653846153846 0.037259615384615384 0.06610576923076923
0 0.734375 0.9194711538461539 0.052884615384615384 0.052884615384615384
0 0.7067307692307693 0.9230769230769231 0.056490384615384616 0.057692307692307696
0 0.7668269230769231 0.9447115384615384 0.04326923076923077 0.04567307692307692
0 0.9435096153846154 0.25600961538461536 0.04567307692307692 0.06370192307692307