0 0.9134615384615384 0.47475961538461536 0.04807692307692308 0.04807692307692308
0 0.9206730769230769 0.6971153846153846 0.040865384615384616 0.040865384615384616
0 0.7644230769230769 0.6983173076923077 0.04326923076923077 0.046875
0 0.6286057692307693 0.7151442307692307 0.046875 0.046875
0 0.6802884615384616 0.765625 0.030048076923076924 0.056490384615384616
0 0.7127403846153846 0.7908653846153846 0.03485576923076923 0.07211538461538461
0 0.6887019230769231 0.8257211538461539 0.042067307692307696 0.042067307692307696
0 0.18028846153846154 0.8894230769230769 0.04807692307692308 0.05048076923076923
0 0.1622596153846154 0.9362980769230769 0.04807692307692308 0.05048076923076923
0 0.4074519230769231 0.33052884615384615 0.05048076923076923 0.04807692307692308
0 0.4326923076923077 0.3317307692307692 0.021634615384615384 0.06850961538461539
0 0.3737980769230769 0.33774038461538464 0.04567307692307692 0.04567307692307692