0 0.9254807692307693 0.5048076923076923 0.037259615384615384 0.037259615384615384
0 0.4567307692307692 0.5721153846153846 0.037259615384615384 0.037259615384615384
0 0.39903846153846156 0.5745192307692307 0.040865384615384616 0.040865384615384616
0 0.4338942307692308 0.5769230769230769 0.038461538461538464 0.038461538461538464
0 0.14423076923076922 0.7127403846153846 0.038461538461538464 0.04567307692307692
0 0.12379807692307693 0.7620192307692307 0.051682692307692304 0.05048076923076923
0 0.7872596153846154 0.8870192307692307 0.05048076923076923 0.04807692307692308
0 0.7271634615384616 0.8918269230769231 0.06129807692307692 0.05889423076923077
0 0.6935096153846154 0.8954326923076923 0.037259615384615384 0.07211538461538461
0 0.7548076923076923 0.9254807692307693 0.04326923076923077 0.042067307692307696
0 0.7524038461538461 0.96875 0.04567307692307692 0.046875
0 0.9375 0.29086538461538464 0.04326923076923077 0.05889423076923077