0 0.33052884615384615 0.05048076923076923 0.026442307692307692 0.08413461538461539
0 0.12980769230769232 0.6322115384615384 0.040865384615384616 0.040865384615384616
0 0.46274038461538464 0.6694711538461539 0.037259615384615384 0.038461538461538464
0 0.4387019230769231 0.6754807692307693 0.037259615384615384 0.037259615384615384
0 0.4050480769230769 0.6802884615384616 0.027644230769230768 0.040865384615384616
0 0.10697115384615384 0.6887019230769231 0.042067307692307696 0.06610576923076923
0 0.7992788461538461 0.9387019230769231 0.038461538461538464 0.05889423076923077
0 0.7427884615384616 0.9447115384615384 0.051682692307692304 0.051682692307692304
0 0.7175480769230769 0.9579326923076923 0.057692307692307696 0.056490384615384616
0 0.7740384615384616 0.9639423076923077 0.052884615384615384 0.052884615384615384
0 0.9483173076923077 0.21995192307692307 0.056490384615384616 0.052884615384615384
0 0.9290865384615384 0.43028846153846156 0.040865384615384616 0.055288461538461536