0 0.9134615384615384 0.5132211538461539 0.051682692307692304 0.051682692307692304
0 0.7572115384615384 0.6622596153846154 0.05048076923076923 0.05048076923076923
0 0.6153846153846154 0.6778846153846154 0.03485576923076923 0.06850961538461539
0 0.6778846153846154 0.7355769230769231 0.03125 0.057692307692307696
0 0.9266826923076923 0.7367788461538461 0.04326923076923077 0.04567307692307692
0 0.7115384615384616 0.7668269230769231 0.04567307692307692 0.04567307692307692
0 0.6754807692307693 0.7956730769230769 0.042067307692307696 0.04326923076923077
0 0.18870192307692307 0.9314903846153846 0.037259615384615384 0.0625
0 0.1658653846153846 0.9723557692307693 0.046875 0.046875
0 0.42788461538461536 0.2776442307692308 0.025240384615384616 0.06850961538461539
0 0.4014423076923077 0.2800480769230769 0.046875 0.046875
0 0.3713942307692308 0.2848557692307692 0.04326923076923077 0.04567307692307692