0 0.4483173076923077 0.4723557692307692 0.040865384615384616 0.040865384615384616
0 0.390625 0.4795673076923077 0.04326923076923077 0.04326923076923077
0 0.41947115384615385 0.4831730769230769 0.04567307692307692 0.04567307692307692
0 0.9170673076923077 0.5805288461538461 0.05048076923076923 0.051682692307692304
0 0.15745192307692307 0.7764423076923077 0.051682692307692304 0.05048076923076923
0 0.7740384615384616 0.8052884615384616 0.057692307692307696 0.057692307692307696
0 0.13701923076923078 0.8269230769230769 0.04326923076923077 0.055288461538461536
0 0.6730769230769231 0.828125 0.04326923076923077 0.04326923076923077
0 0.6959134615384616 0.8377403846153846 0.038461538461538464 0.038461538461538464
0 0.7307692307692307 0.8725961538461539 0.038461538461538464 0.057692307692307696
0 0.7247596153846154 0.9074519230769231 0.03125 0.07211538461538461
0 0.9254807692307693 0.3581730769230769 0.04567307692307692 0.04567307692307692