0 0.026442307692307692 0.4675480769230769 0.052884615384615384 0.1778846153846154
0 0.0889423076923077 0.7740384615384616 0.1778846153846154 0.4495192307692308
0 0.07932692307692307 0.4699519230769231 0.04807692307692308 0.17067307692307693
0 0.3088942307692308 0.4326923076923077 0.057692307692307696 0.10336538461538461
0 0.39903846153846156 0.6911057692307693 0.20192307692307693 0.47115384615384615
0 0.33413461538461536 0.421875 0.038461538461538464 0.07211538461538461
0 0.36778846153846156 0.4182692307692308 0.04807692307692308 0.08413461538461539
0 0.5997596153846154 0.44350961538461536 0.3942307692307692 0.14423076923076922
0 0.5480769230769231 0.5949519230769231 0.1346153846153846 0.34134615384615385
0 0.6346153846153846 0.6225961538461539 0.16105769230769232 0.40625
0 0.7848557692307693 0.6730769230769231 0.17307692307692307 0.5048076923076923