0 0.35697115384615385 0.6502403846153846 0.0625 0.3269230769230769
0 0.04326923076923077 0.5625 0.02403846153846154 0.13701923076923078
0 0.24759615384615385 0.6189903846153846 0.036057692307692304 0.18269230769230768
0 0.2920673076923077 0.5552884615384616 0.03125 0.06971153846153846
0 0.5420673076923077 0.5841346153846154 0.04326923076923077 0.11778846153846154
0 0.6394230769230769 0.5841346153846154 0.026442307692307692 0.0889423076923077
0 0.7079326923076923 0.5949519230769231 0.08413461538461539 0.14423076923076922
0 0.7764423076923077 0.5865384615384616 0.036057692307692304 0.11298076923076923
0 0.8100961538461539 0.5733173076923077 0.016826923076923076 0.1201923076923077
0 0.8293269230769231 0.6622596153846154 0.038461538461538464 0.24519230769230768
0 0.859375 0.5889423076923077 0.021634615384615384 0.1201923076923077