0 0.028846153846153848 0.4254807692307692 0.057692307692307696 0.055288461538461536
0 0.010817307692307692 0.5588942307692307 0.016826923076923076 0.04326923076923077
0 0.03125 0.5540865384615384 0.036057692307692304 0.11538461538461539
0 0.05889423076923077 0.5564903846153846 0.021634615384615384 0.08413461538461539
0 0.06850961538461539 0.5228365384615384 0.009615384615384616 0.028846153846153848
0 0.08052884615384616 0.5360576923076923 0.016826923076923076 0.028846153846153848
0 0.11177884615384616 0.5288461538461539 0.019230769230769232 0.02403846153846154
0 0.15264423076923078 0.53125 0.014423076923076924 0.026442307692307692
0 0.1658653846153846 0.5204326923076923 0.016826923076923076 0.02403846153846154
0 0.38221153846153844 0.5084134615384616 0.4014423076923077 0.75
0 0.49038461538461536 0.42908653846153844 0.014423076923076924 0.07451923076923077
0 0.5132211538461539 0.44471153846153844 0.04326923076923077 0.13701923076923078
0 0.5336538461538461 0.5204326923076923 0.038461538461538464 0.09615384615384616
0 0.5408653846153846 0.4338942307692308 0.040865384615384616 0.10336538461538461
0 0.5661057692307693 0.5240384615384616 0.06490384615384616 0.11778846153846154
0 0.5745192307692307 0.42908653846153844 0.04326923076923077 0.10096153846153846
0 0.6033653846153846 0.5300480769230769 0.08653846153846154 0.17548076923076922
0 0.6454326923076923 0.42908653846153844 0.0673076923076923 0.13221153846153846
0 0.6586538461538461 0.5360576923076923 0.09375 0.1658653846153846
0 0.7175480769230769 0.5240384615384616 0.09134615384615384 0.19471153846153846
0 0.7175480769230769 0.36899038461538464 0.036057692307692304 0.10576923076923077
0 0.7764423076923077 0.5144230769230769 0.10817307692307693 0.19951923076923078
0 0.8209134615384616 0.43990384615384615 0.08413461538461539 0.23076923076923078
0 0.8629807692307693 0.4230769230769231 0.052884615384615384 0.24278846153846154
0 0.8894230769230769 0.5120192307692307 0.08653846153846154 0.27403846153846156
0 0.9519230769230769 0.45552884615384615 0.09134615384615384 0.3389423076923077