0 0.0733173076923077 0.7824519230769231 0.13701923076923078 0.22115384615384615
0 0.06009615384615385 0.6911057692307693 0.08413461538461539 0.12259615384615384
0 0.12379807692307693 0.6790865384615384 0.06009615384615385 0.13701923076923078
0 0.1466346153846154 0.9182692307692307 0.09615384615384616 0.16105769230769232
0 0.1622596153846154 0.71875 0.08653846153846154 0.14182692307692307
0 0.27163461538461536 0.875 0.18269230769230768 0.24519230769230768
0 0.25 0.7007211538461539 0.0985576923076923 0.15865384615384615
0 0.2848557692307692 0.6310096153846154 0.055288461538461536 0.09375
0 0.30649038461538464 0.5540865384615384 0.05048076923076923 0.09375
0 0.3245192307692308 0.6983173076923077 0.08173076923076923 0.16346153846153846
0 0.3762019230769231 0.8221153846153846 0.1201923076923077 0.21875
0 0.3605769230769231 0.6622596153846154 0.04567307692307692 0.10096153846153846
0 0.40865384615384615 0.6742788461538461 0.09375 0.1466346153846154
0 0.4543269230769231 0.7704326923076923 0.10336538461538461 0.18028846153846154
0 0.47836538461538464 0.9158653846153846 0.13942307692307693 0.16346153846153846
0 0.4831730769230769 0.671875 0.04567307692307692 0.10336538461538461
0 0.4963942307692308 0.6201923076923077 0.036057692307692304 0.07932692307692307
0 0.5673076923076923 0.8762019230769231 0.13942307692307693 0.24519230769230768
0 0.5348557692307693 0.6947115384615384 0.052884615384615384 0.0889423076923077
0 0.5637019230769231 0.6490384615384616 0.10336538461538461 0.09375
0 0.5841346153846154 0.8221153846153846 0.10817307692307693 0.21394230769230768
0 0.5925480769230769 0.609375 0.03365384615384615 0.0625
0 0.6201923076923077 0.7860576923076923 0.08173076923076923 0.23317307692307693
0 0.6442307692307693 0.7379807692307693 0.0625 0.15865384615384615
0 0.6694711538461539 0.6706730769230769 0.06009615384615385 0.10096153846153846
0 0.7596153846153846 0.8774038461538461 0.19471153846153846 0.24278846153846154
0 0.7163461538461539 0.6514423076923077 0.040865384615384616 0.11778846153846154
0 0.7548076923076923 0.7475961538461539 0.0985576923076923 0.20192307692307693
0 0.7848557692307693 0.6189903846153846 0.026442307692307692 0.07692307692307693
0 0.796875 0.6394230769230769 0.040865384615384616 0.09375
0 0.8509615384615384 0.7728365384615384 0.09375 0.23317307692307693
0 0.9230769230769231 0.859375 0.1346153846153846 0.2764423076923077
0 0.9302884615384616 0.7019230769230769 0.1346153846153846 0.21634615384615385
0 0.9603365384615384 0.8930288461538461 0.07451923076923077 0.2091346153846154