0 0.6310096153846154 0.8076923076923077 0.06009615384615385 0.2620192307692308
0 0.015625 0.8762019230769231 0.03125 0.22596153846153846
0 0.4951923076923077 0.6971153846153846 0.9807692307692307 0.5913461538461539
0 0.06610576923076923 0.7451923076923077 0.055288461538461536 0.17067307692307693
0 0.10336538461538461 0.7007211538461539 0.03125 0.18269230769230768
0 0.125 0.859375 0.04567307692307692 0.22596153846153846
0 0.6778846153846154 0.8016826923076923 0.038461538461538464 0.18028846153846154
0 0.7067307692307693 0.8653846153846154 0.04326923076923077 0.23076923076923078
0 0.7463942307692307 0.8028846153846154 0.052884615384615384 0.19230769230769232
0 0.7620192307692307 0.6189903846153846 0.038461538461538464 0.12740384615384615
0 0.7992788461538461 0.8725961538461539 0.06009615384615385 0.25
0 0.7980769230769231 0.6165865384615384 0.028846153846153848 0.11298076923076923
0 0.8317307692307693 0.9543269230769231 0.0625 0.08653846153846154
0 0.8341346153846154 0.6177884615384616 0.03365384615384615 0.11778846153846154
0 0.9867788461538461 0.5396634615384616 0.019230769230769232 0.07451923076923077
0 0.9927884615384616 0.6478365384615384 0.009615384615384616 0.12740384615384615