0 0.07572115384615384 0.6117788461538461 0.1201923076923077 0.08413461538461539
0 0.15985576923076922 0.6069711538461539 0.04807692307692308 0.13221153846153846
0 0.20192307692307693 0.5853365384615384 0.052884615384615384 0.08413461538461539
0 0.2608173076923077 0.5829326923076923 0.036057692307692304 0.09375
0 0.2932692307692308 0.5853365384615384 0.02403846153846154 0.11057692307692307
0 0.31971153846153844 0.5901442307692307 0.019230769230769232 0.09615384615384616
0 0.33774038461538464 0.5889423076923077 0.02403846153846154 0.09615384615384616
0 0.39783653846153844 0.5769230769230769 0.036057692307692304 0.1201923076923077
0 0.4362980769230769 0.6021634615384616 0.036057692307692304 0.10576923076923077
0 0.46875 0.578125 0.055288461538461536 0.15384615384615385
0 0.6286057692307693 0.5661057692307693 0.07211538461538461 0.23557692307692307
0 0.7439903846153846 0.5661057692307693 0.0889423076923077 0.22596153846153846
0 0.7980769230769231 0.5036057692307693 0.038461538461538464 0.0673076923076923
0 0.8413461538461539 0.5600961538461539 0.06009615384615385 0.13701923076923078
0 0.9302884615384616 0.5889423076923077 0.1346153846153846 0.18269230769230768
0 0.9098557692307693 0.48677884615384615 0.07451923076923077 0.10096153846153846
0 0.9771634615384616 0.5252403846153846 0.040865384615384616 0.15144230769230768