0 0.5709134615384616 0.8834134615384616 0.08653846153846154 0.18269230769230768
0 0.27163461538461536 0.8846153846153846 0.08653846153846154 0.22115384615384615
0 0.3233173076923077 0.9350961538461539 0.08653846153846154 0.12740384615384615
0 0.4831730769230769 0.06971153846153846 0.057692307692307696 0.13942307692307693
0 0.5144230769230769 0.5336538461538461 0.038461538461538464 0.10336538461538461
0 0.5396634615384616 0.06610576923076923 0.06009615384615385 0.13221153846153846
0 0.5288461538461539 0.5036057692307693 0.03365384615384615 0.11778846153846154
0 0.6009615384615384 0.9242788461538461 0.0625 0.14903846153846154
0 0.5949519230769231 0.125 0.019230769230769232 0.06971153846153846
0 0.6394230769230769 0.08173076923076923 0.02403846153846154 0.0625
0 0.6574519230769231 0.12379807692307693 0.036057692307692304 0.057692307692307696
0 0.6682692307692307 0.3269230769230769 0.02403846153846154 0.0625
0 0.6778846153846154 0.28365384615384615 0.019230769230769232 0.026442307692307692
0 0.6875 0.33052884615384615 0.036057692307692304 0.08173076923076923
0 0.6875 0.078125 0.02403846153846154 0.08653846153846154
0 0.7439903846153846 0.3918269230769231 0.02403846153846154 0.08413461538461539
0 0.9242788461538461 0.5625 0.06971153846153846 0.09615384615384616
0 0.9170673076923077 0.7668269230769231 0.04567307692307692 0.1201923076923077
0 0.9447115384615384 0.6322115384615384 0.05048076923076923 0.1346153846153846