0 0.6153846153846154 0.5949519230769231 0.08653846153846154 0.23798076923076922
0 0.010817307692307692 0.5408653846153846 0.009615384615384616 0.04326923076923077
0 0.12860576923076922 0.5384615384615384 0.04567307692307692 0.12740384615384615
0 0.24158653846153846 0.5360576923076923 0.08173076923076923 0.028846153846153848
0 0.296875 0.5336538461538461 0.03125 0.09134615384615384
0 0.37740384615384615 0.4795673076923077 0.0673076923076923 0.036057692307692304
0 0.3557692307692308 0.5276442307692307 0.009615384615384616 0.03365384615384615
0 0.36899038461538464 0.5168269230769231 0.004807692307692308 0.04567307692307692
0 0.38341346153846156 0.53125 0.01201923076923077 0.02403846153846154
0 0.40625 0.5300480769230769 0.009615384615384616 0.016826923076923076
0 0.41346153846153844 0.5228365384615384 0.004807692307692308 0.014423076923076924
0 0.421875 0.5288461538461539 0.01201923076923077 0.028846153846153848
0 0.4519230769230769 0.53125 0.026442307692307692 0.11057692307692307
0 0.48197115384615385 0.5276442307692307 0.007211538461538462 0.019230769230769232
0 0.5 0.5300480769230769 0.014423076923076924 0.028846153846153848
0 0.5132211538461539 0.5276442307692307 0.002403846153846154 0.038461538461538464
0 0.5228365384615384 0.5288461538461539 0.01201923076923077 0.03365384615384615
0 0.5625 0.5204326923076923 0.01201923076923077 0.036057692307692304
0 0.703125 0.5360576923076923 0.040865384615384616 0.13221153846153846
0 0.7704326923076923 0.5216346153846154 0.038461538461538464 0.07451923076923077
0 0.8016826923076923 0.5168269230769231 0.009615384615384616 0.040865384615384616
0 0.8088942307692307 0.5216346153846154 0.007211538461538462 0.028846153846153848
0 0.8317307692307693 0.5228365384615384 0.01201923076923077 0.03125
0 0.8954326923076923 0.578125 0.08413461538461539 0.20432692307692307
0 0.9254807692307693 0.47475961538461536 0.0985576923076923 0.04807692307692308
0 0.9206730769230769 0.5192307692307693 0.026442307692307692 0.11298076923076923
0 0.9483173076923077 0.5192307692307693 0.007211538461538462 0.028846153846153848
0 0.9831730769230769 0.5324519230769231 0.009615384615384616 0.02403846153846154