0 0.7680288461538461 0.8317307692307693 0.06490384615384616 0.18509615384615385
0 0.020432692307692308 0.9074519230769231 0.040865384615384616 0.18028846153846154
0 0.0625 0.9146634615384616 0.0673076923076923 0.1658653846153846
0 0.49399038461538464 0.765625 0.7932692307692307 0.19471153846153846
0 0.22115384615384615 0.8930288461538461 0.052884615384615384 0.2091346153846154
0 0.25600961538461536 0.8990384615384616 0.04326923076923077 0.19951923076923078
0 0.30528846153846156 0.9026442307692307 0.038461538461538464 0.19230769230769232
0 0.3245192307692308 0.9050480769230769 0.019230769230769232 0.1875
0 0.3473557692307692 0.8521634615384616 0.04326923076923077 0.21394230769230768
0 0.4098557692307692 0.8401442307692307 0.04326923076923077 0.24278846153846154
0 0.8990384615384616 0.7872596153846154 0.055288461538461536 0.16826923076923078
0 0.9615384615384616 0.8689903846153846 0.0625 0.11298076923076923
0 0.9471153846153846 0.8317307692307693 0.019230769230769232 0.0673076923076923
0 0.9783653846153846 0.7824519230769231 0.038461538461538464 0.17548076923076922