0 0.125 0.7199519230769231 0.25 0.5576923076923077
0 0.28966346153846156 0.7139423076923077 0.22355769230769232 0.5697115384615384
0 0.25240384615384615 0.4987980769230769 0.14423076923076922 0.37259615384615385
0 0.3076923076923077 0.2776442307692308 0.14423076923076922 0.4110576923076923
0 0.37259615384615385 0.5348557692307693 0.10096153846153846 0.3701923076923077
0 0.4651442307692308 0.6346153846153846 0.20673076923076922 0.45913461538461536
0 0.4495192307692308 0.2824519230769231 0.1658653846153846 0.40384615384615385
0 0.5649038461538461 0.6418269230769231 0.15625 0.5048076923076923
0 0.5721153846153846 0.28725961538461536 0.15625 0.31490384615384615
0 0.6045673076923077 0.17067307692307693 0.12259615384615384 0.28846153846153844
0 0.7055288461538461 0.6189903846153846 0.20192307692307693 0.5048076923076923
0 0.7163461538461539 0.35697115384615385 0.1875 0.36538461538461536
0 0.7319711538461539 0.16466346153846154 0.10336538461538461 0.24759615384615385
0 0.8137019230769231 0.28966346153846156 0.16826923076923078 0.46634615384615385
0 0.8846153846153846 0.6706730769230769 0.22596153846153846 0.5649038461538461
0 0.9278846153846154 0.34975961538461536 0.12980769230769232 0.5480769230769231