0 0.042067307692307696 0.23798076923076922 0.055288461538461536 0.17067307692307693
0 0.14543269230769232 0.25721153846153844 0.057692307692307696 0.13221153846153846
0 0.1658653846153846 0.23197115384615385 0.04326923076923077 0.15865384615384615
0 0.20552884615384615 0.7740384615384616 0.09615384615384616 0.28125
0 0.20552884615384615 0.29086538461538464 0.038461538461538464 0.07932692307692307
0 0.22235576923076922 0.23076923076923078 0.052884615384615384 0.18509615384615385
0 0.29447115384615385 0.8689903846153846 0.12259615384615384 0.25961538461538464
0 0.29086538461538464 0.23197115384615385 0.04807692307692308 0.10576923076923077
0 0.3112980769230769 0.32572115384615385 0.055288461538461536 0.18509615384615385
0 0.31009615384615385 0.16105769230769232 0.021634615384615384 0.09615384615384616
0 0.359375 0.3858173076923077 0.06009615384615385 0.12740384615384615
0 0.36538461538461536 0.2824519230769231 0.052884615384615384 0.1346153846153846
0 0.3737980769230769 0.5216346153846154 0.0625 0.2620192307692308
0 0.41346153846153844 0.28125 0.05048076923076923 0.07211538461538461
0 0.4206730769230769 0.38221153846153844 0.057692307692307696 0.2091346153846154
0 0.44711538461538464 0.46274038461538464 0.07451923076923077 0.21153846153846154
0 0.47836538461538464 0.65625 0.10576923076923077 0.3004807692307692
0 0.46634615384615385 0.3545673076923077 0.04326923076923077 0.08173076923076923
0 0.5096153846153846 0.2608173076923077 0.036057692307692304 0.1201923076923077
0 0.5528846153846154 0.38461538461538464 0.04807692307692308 0.2283653846153846
0 0.7704326923076923 0.9447115384615384 0.09134615384615384 0.10817307692307693