0 0.4987980769230769 0.8798076923076923 0.9975961538461539 0.23557692307692307
0 0.36899038461538464 0.5793269230769231 0.057692307692307696 0.15384615384615385
0 0.41225961538461536 0.6971153846153846 0.12740384615384615 0.15865384615384615
0 0.3737980769230769 0.421875 0.040865384615384616 0.15144230769230768
0 0.3786057692307692 0.2644230769230769 0.03365384615384615 0.14903846153846154
0 0.4230769230769231 0.140625 0.11778846153846154 0.09134615384615384
0 0.41466346153846156 0.3918269230769231 0.08653846153846154 0.18509615384615385
0 0.4110576923076923 0.25600961538461536 0.07451923076923077 0.16105769230769232
0 0.40865384615384615 0.5552884615384616 0.0673076923076923 0.18990384615384615
0 0.47475961538461536 0.40625 0.07211538461538461 0.14423076923076922
0 0.47836538461538464 0.26322115384615385 0.07451923076923077 0.11057692307692307
0 0.4879807692307692 0.24759615384615385 0.09375 0.1466346153846154
0 0.4879807692307692 0.1466346153846154 0.0889423076923077 0.07932692307692307
0 0.5192307692307693 0.7019230769230769 0.14903846153846154 0.1658653846153846
0 0.48677884615384615 0.5769230769230769 0.07451923076923077 0.16826923076923078
0 0.5120192307692307 0.39903846153846156 0.11778846153846154 0.1778846153846154
0 0.46875 0.22115384615384615 0.026442307692307692 0.021634615384615384
0 0.4951923076923077 0.7283653846153846 0.07211538461538461 0.1466346153846154
0 0.5444711538461539 0.5637019230769231 0.06490384615384616 0.19471153846153846