0 0.20552884615384615 0.5552884615384616 0.10817307692307693 0.23798076923076922
0 0.25961538461538464 0.5709134615384616 0.14903846153846154 0.24759615384615385
0 0.24639423076923078 0.3762019230769231 0.057692307692307696 0.12740384615384615
0 0.3245192307692308 0.5240384615384616 0.07692307692307693 0.14903846153846154
0 0.328125 0.3737980769230769 0.07692307692307693 0.12259615384615384
0 0.4110576923076923 0.5949519230769231 0.21634615384615385 0.24278846153846154
0 0.41346153846153844 0.3762019230769231 0.11538461538461539 0.10576923076923077
0 0.46153846153846156 0.5072115384615384 0.15384615384615385 0.12259615384615384
0 0.5084134615384616 0.5709134615384616 0.20673076923076922 0.22115384615384615
0 0.47596153846153844 0.3798076923076923 0.0673076923076923 0.10576923076923077
0 0.5228365384615384 0.36538461538461536 0.052884615384615384 0.0889423076923077
0 0.6105769230769231 0.5612980769230769 0.15865384615384615 0.22115384615384615
0 0.5661057692307693 0.375 0.06009615384615385 0.11538461538461539
0 0.7788461538461539 0.5709134615384616 0.18269230769230768 0.23798076923076922