0 0.8233173076923077 0.5709134615384616 0.0985576923076923 0.4230769230769231
0 0.12980769230769232 0.6286057692307693 0.07932692307692307 0.1658653846153846
0 0.234375 0.6129807692307693 0.07692307692307693 0.3605769230769231
0 0.34375 0.6201923076923077 0.16826923076923078 0.7572115384615384
0 0.3112980769230769 0.5252403846153846 0.055288461538461536 0.34375
0 0.4230769230769231 0.5817307692307693 0.09615384615384616 0.43990384615384615
0 0.484375 0.5901442307692307 0.08173076923076923 0.3557692307692308
0 0.5228365384615384 0.6262019230769231 0.10336538461538461 0.29086538461538464
0 0.5240384615384616 0.3894230769230769 0.038461538461538464 0.09375
0 0.5588942307692307 0.5877403846153846 0.09615384615384616 0.4206730769230769
0 0.6117788461538461 0.5829326923076923 0.07451923076923077 0.37740384615384615
0 0.7019230769230769 0.5721153846153846 0.08413461538461539 0.37259615384615385
0 0.9326923076923077 0.5901442307692307 0.0985576923076923 0.36538461538461536
0 0.9819711538461539 0.5865384615384616 0.03125 0.3605769230769231