0 0.1201923076923077 0.41346153846153844 0.07451923076923077 0.23317307692307693
0 0.3088942307692308 0.5625 0.13221153846153846 0.5192307692307693
0 0.3389423076923077 0.42788461538461536 0.052884615384615384 0.17548076923076922
0 0.33533653846153844 0.3293269230769231 0.04326923076923077 0.10817307692307693
0 0.40865384615384615 0.484375 0.09615384615384616 0.4567307692307692
0 0.5492788461538461 0.6382211538461539 0.21875 0.71875
0 0.6454326923076923 0.5661057692307693 0.11778846153846154 0.6201923076923077
0 0.7331730769230769 0.29927884615384615 0.038461538461538464 0.15865384615384615
0 0.7824519230769231 0.27163461538461536 0.04326923076923077 0.15384615384615385
0 0.7848557692307693 0.3233173076923077 0.038461538461538464 0.20432692307692307
0 0.8185096153846154 0.30288461538461536 0.026442307692307692 0.17307692307692307
0 0.8353365384615384 0.3329326923076923 0.057692307692307696 0.2091346153846154
0 0.9134615384615384 0.3161057692307692 0.0625 0.20432692307692307
0 0.9603365384615384 0.2860576923076923 0.04326923076923077 0.14903846153846154
0 0.9627403846153846 0.2512019230769231 0.036057692307692304 0.07932692307692307