0 0.010817307692307692 0.2127403846153846 0.021634615384615384 0.09375
0 0.04807692307692308 0.20192307692307693 0.040865384615384616 0.11538461538461539
0 0.17427884615384615 0.15985576923076922 0.0625 0.17307692307692307
0 0.2764423076923077 0.1466346153846154 0.07211538461538461 0.1466346153846154
0 0.33653846153846156 0.22355769230769232 0.04326923076923077 0.08653846153846154
0 0.3786057692307692 0.24158653846153846 0.021634615384615384 0.028846153846153848
0 0.40865384615384615 0.19110576923076922 0.04326923076923077 0.0985576923076923
0 0.7427884615384616 0.22596153846153846 0.021634615384615384 0.0673076923076923
0 0.7704326923076923 0.23677884615384615 0.026442307692307692 0.04807692307692308
0 0.7872596153846154 0.234375 0.019230769230769232 0.028846153846153848
0 0.8040865384615384 0.2283653846153846 0.021634615384615384 0.040865384615384616
0 0.8305288461538461 0.19230769230769232 0.021634615384615384 0.07211538461538461
0 0.9783653846153846 0.2608173076923077 0.026442307692307692 0.09375