0 0.015625 0.5552884615384616 0.03125 0.16826923076923078
0 0.03245192307692308 0.9098557692307693 0.0625 0.14903846153846154
0 0.04567307692307692 0.9350961538461539 0.09134615384615384 0.12740384615384615
0 0.04807692307692308 0.5685096153846154 0.05048076923076923 0.19471153846153846
0 0.078125 0.5564903846153846 0.057692307692307696 0.34134615384615385
0 0.109375 0.8858173076923077 0.08653846153846154 0.21153846153846154
0 0.12860576923076922 0.6526442307692307 0.12259615384615384 0.19471153846153846
0 0.1201923076923077 0.5216346153846154 0.057692307692307696 0.21394230769230768
0 0.16947115384615385 0.8473557692307693 0.11778846153846154 0.25240384615384615
0 0.15264423076923078 0.9783653846153846 0.06971153846153846 0.040865384615384616
0 0.14783653846153846 0.4170673076923077 0.04326923076923077 0.10817307692307693
0 0.15985576923076922 0.48677884615384615 0.026442307692307692 0.057692307692307696
0 0.18389423076923078 0.9675480769230769 0.06971153846153846 0.0625
0 0.1778846153846154 0.5324519230769231 0.052884615384615384 0.24278846153846154
0 0.203125 0.5901442307692307 0.08413461538461539 0.28846153846153844
0 0.2403846153846154 0.9146634615384616 0.11298076923076923 0.16826923076923078
0 0.24278846153846154 0.65625 0.09615384615384616 0.20673076923076922
0 0.2247596153846154 0.48677884615384615 0.038461538461538464 0.13221153846153846
0 0.2536057692307692 0.5372596153846154 0.07692307692307693 0.13701923076923078
0 0.2824519230769231 0.8197115384615384 0.13221153846153846 0.2403846153846154
0 0.28125 0.8870192307692307 0.10576923076923077 0.20192307692307693
0 0.24639423076923078 0.4543269230769231 0.028846153846153848 0.0673076923076923
0 0.3173076923076923 0.6802884615384616 0.10817307692307693 0.20192307692307693
0 0.28125 0.4326923076923077 0.03365384615384615 0.07692307692307693
0 0.29086538461538464 0.45072115384615385 0.04567307692307692 0.0985576923076923
0 0.2956730769230769 0.5324519230769231 0.04326923076923077 0.17548076923076922
0 0.3233173076923077 0.4519230769230769 0.040865384615384616 0.12740384615384615
0 0.3942307692307692 0.8954326923076923 0.15625 0.20673076923076922
0 0.3581730769230769 0.5841346153846154 0.07692307692307693 0.30528846153846156
0 0.36778846153846156 0.4483173076923077 0.055288461538461536 0.10817307692307693
0 0.3557692307692308 0.40024038461538464 0.021634615384615384 0.038461538461538464
0 0.37740384615384615 0.4639423076923077 0.06009615384615385 0.1346153846153846
0 0.41586538461538464 0.8870192307692307 0.125 0.22355769230769232
0 0.3954326923076923 0.4266826923076923 0.038461538461538464 0.07692307692307693
0 0.43509615384615385 0.6983173076923077 0.09134615384615384 0.18509615384615385
0 0.42427884615384615 0.5649038461538461 0.0625 0.19230769230769232
0 0.4266826923076923 0.4699519230769231 0.052884615384615384 0.09134615384615384
0 0.4735576923076923 0.5504807692307693 0.08413461538461539 0.20192307692307693
0 0.46875 0.734375 0.06971153846153846 0.20673076923076922
0 0.48197115384615385 0.48677884615384615 0.0673076923076923 0.13942307692307693
0 0.5240384615384616 0.7367788461538461 0.0985576923076923 0.23798076923076922
0 0.5336538461538461 0.8954326923076923 0.10817307692307693 0.20673076923076922
0 0.5048076923076923 0.41586538461538464 0.040865384615384616 0.09375
0 0.5324519230769231 0.4519230769230769 0.055288461538461536 0.14423076923076922
0 0.5480769230769231 0.6081730769230769 0.0673076923076923 0.16346153846153846
0 0.5480769230769231 0.5348557692307693 0.06009615384615385 0.11778846153846154
0 0.5576923076923077 0.4651442307692308 0.055288461538461536 0.17307692307692307
0 0.5673076923076923 0.4182692307692308 0.026442307692307692 0.07692307692307693
0 0.6274038461538461 0.8161057692307693 0.12980769230769232 0.2548076923076923
0 0.6418269230769231 0.9471153846153846 0.13942307692307693 0.10336538461538461
0 0.6322115384615384 0.4855769230769231 0.07692307692307693 0.13701923076923078
0 0.6370192307692307 0.6105769230769231 0.07451923076923077 0.17067307692307693
0 0.6634615384615384 0.7163461538461539 0.08413461538461539 0.24278846153846154
0 0.6478365384615384 0.6442307692307693 0.04326923076923077 0.0889423076923077
0 0.6634615384615384 0.5300480769230769 0.019230769230769232 0.040865384615384616
0 0.6670673076923077 0.45072115384615385 0.026442307692307692 0.036057692307692304
0 0.6899038461538461 0.53125 0.06971153846153846 0.13701923076923078
0 0.6875 0.4483173076923077 0.02403846153846154 0.036057692307692304
0 0.7512019230769231 0.7896634615384616 0.10817307692307693 0.4182692307692308
0 0.7271634615384616 0.5444711538461539 0.05048076923076923 0.12740384615384615
0 0.7427884615384616 0.453125 0.03365384615384615 0.04567307692307692
0 0.7439903846153846 0.5504807692307693 0.026442307692307692 0.0673076923076923
0 0.7764423076923077 0.6237980769230769 0.03365384615384615 0.06971153846153846
0 0.78125 0.5829326923076923 0.038461538461538464 0.038461538461538464
0 0.7884615384615384 0.453125 0.055288461538461536 0.04567307692307692
0 0.8137019230769231 0.7836538461538461 0.0985576923076923 0.42788461538461536
0 0.8569711538461539 0.5564903846153846 0.07211538461538461 0.1875
0 0.8653846153846154 0.7151442307692307 0.07451923076923077 0.24278846153846154
0 0.9038461538461539 0.890625 0.14423076923076922 0.21394230769230768
0 0.9146634615384616 0.7740384615384616 0.14423076923076922 0.27163461538461536
0 0.9266826923076923 0.6610576923076923 0.1346153846153846 0.19471153846153846
0 0.9182692307692307 0.5552884615384616 0.10096153846153846 0.14423076923076922
0 0.9242788461538461 0.5564903846153846 0.0985576923076923 0.13221153846153846
0 0.9399038461538461 0.9519230769230769 0.11778846153846154 0.09375
0 0.9783653846153846 0.7956730769230769 0.040865384615384616 0.23798076923076922