0 0.18870192307692307 0.6959134615384616 0.07211538461538461 0.21153846153846154
0 0.23677884615384615 0.39783653846153844 0.09375 0.10096153846153846
0 0.31971153846153844 0.7920673076923077 0.23798076923076922 0.41346153846153844
0 0.2956730769230769 0.6334134615384616 0.0625 0.16826923076923078
0 0.3581730769230769 0.47716346153846156 0.03125 0.0673076923076923
0 0.5204326923076923 0.7848557692307693 0.14903846153846154 0.36778846153846156
0 0.5973557692307693 0.6189903846153846 0.06971153846153846 0.15384615384615385
0 0.6814903846153846 0.7764423076923077 0.18028846153846154 0.44471153846153844
0 0.703125 0.6117788461538461 0.052884615384615384 0.13221153846153846
0 0.7175480769230769 0.5180288461538461 0.038461538461538464 0.0625
0 0.7536057692307693 0.5264423076923077 0.03365384615384615 0.055288461538461536
0 0.7632211538461539 0.5661057692307693 0.040865384615384616 0.06971153846153846
0 0.7632211538461539 0.5024038461538461 0.03125 0.052884615384615384
0 0.7848557692307693 0.5060096153846154 0.01201923076923077 0.04567307692307692
0 0.8233173076923077 0.5264423076923077 0.055288461538461536 0.0625
0 0.8461538461538461 0.5540865384615384 0.05048076923076923 0.09615384615384616
0 0.8461538461538461 0.4987980769230769 0.021634615384615384 0.036057692307692304
0 0.8701923076923077 0.5420673076923077 0.03365384615384615 0.08653846153846154
0 0.8798076923076923 0.5084134615384616 0.021634615384615384 0.04326923076923077
0 0.8954326923076923 0.5024038461538461 0.021634615384615384 0.038461538461538464
0 0.9050480769230769 0.5216346153846154 0.038461538461538464 0.07932692307692307
0 0.9627403846153846 0.5144230769230769 0.03125 0.052884615384615384
0 0.9615384615384616 0.5012019230769231 0.026442307692307692 0.04326923076923077
0 0.9747596153846154 0.5456730769230769 0.04807692307692308 0.08173076923076923