0 0.6334134615384616 0.6682692307692307 0.06490384615384616 0.2403846153846154
0 0.004807692307692308 0.6009615384615384 0.009615384615384616 0.06490384615384616
0 0.09735576923076923 0.6153846153846154 0.13701923076923078 0.14903846153846154
0 0.18990384615384615 0.5841346153846154 0.016826923076923076 0.06009615384615385
0 0.21875 0.5877403846153846 0.019230769230769232 0.0673076923076923
0 0.24759615384615385 0.5961538461538461 0.028846153846153848 0.09615384615384616
0 0.3605769230769231 0.625 0.0673076923076923 0.15625
0 0.4543269230769231 0.6622596153846154 0.05048076923076923 0.16826923076923078
0 0.5564903846153846 0.6442307692307693 0.057692307692307696 0.18990384615384615
0 0.796875 0.5865384615384616 0.016826923076923076 0.052884615384615384
0 0.8100961538461539 0.5877403846153846 0.019230769230769232 0.052884615384615384