0 0.1778846153846154 0.5685096153846154 0.08653846153846154 0.43028846153846156
0 0.037259615384615384 0.703125 0.07451923076923077 0.30288461538461536
0 0.0625 0.6033653846153846 0.125 0.2644230769230769
0 0.04447115384615385 0.46033653846153844 0.019230769230769232 0.03125
0 0.07692307692307693 0.5829326923076923 0.08173076923076923 0.22596153846153846
0 0.09615384615384616 0.5733173076923077 0.07211538461538461 0.20192307692307693
0 0.10697115384615384 0.5697115384615384 0.07211538461538461 0.18028846153846154
0 0.10216346153846154 0.5048076923076923 0.038461538461538464 0.10576923076923077
0 0.41466346153846156 0.5264423076923077 0.2091346153846154 0.28365384615384615
0 0.46153846153846156 0.578125 0.04807692307692308 0.28125
0 0.5252403846153846 0.5588942307692307 0.07692307692307693 0.33413461538461536