0 0.008413461538461538 0.7872596153846154 0.016826923076923076 0.15625
0 0.037259615384615384 0.9158653846153846 0.055288461538461536 0.16346153846153846
0 0.04326923076923077 0.6814903846153846 0.01201923076923077 0.057692307692307696
0 0.055288461538461536 0.6983173076923077 0.021634615384615384 0.04567307692307692
0 0.078125 0.7127403846153846 0.04807692307692308 0.10576923076923077
0 0.08533653846153846 0.40024038461538464 0.04326923076923077 0.10096153846153846
0 0.10576923076923077 0.5697115384615384 0.028846153846153848 0.07932692307692307
0 0.12980769230769232 0.8858173076923077 0.04326923076923077 0.18028846153846154
0 0.12620192307692307 0.140625 0.03365384615384615 0.10817307692307693
0 0.12379807692307693 0.6983173076923077 0.019230769230769232 0.06490384615384616
0 0.14543269230769232 0.78125 0.03365384615384615 0.0673076923076923
0 0.15745192307692307 0.7620192307692307 0.019230769230769232 0.07451923076923077
0 0.17548076923076922 0.7007211538461539 0.01201923076923077 0.0625
0 0.20673076923076922 0.8413461538461539 0.04567307692307692 0.15625
0 0.21995192307692307 0.40384615384615385 0.04567307692307692 0.14903846153846154
0 0.21995192307692307 0.7463942307692307 0.03365384615384615 0.04326923076923077
0 0.2247596153846154 0.6959134615384616 0.01201923076923077 0.055288461538461536
0 0.2403846153846154 0.7451923076923077 0.016826923076923076 0.09375
0 0.2800480769230769 0.9615384615384616 0.052884615384615384 0.07451923076923077
0 0.2704326923076923 0.6766826923076923 0.021634615384615384 0.05048076923076923
0 0.28365384615384615 0.8329326923076923 0.036057692307692304 0.13701923076923078
0 0.30288461538461536 0.6911057692307693 0.03365384615384615 0.057692307692307696
0 0.30528846153846156 0.6550480769230769 0.014423076923076924 0.052884615384615384
0 0.3173076923076923 0.7247596153846154 0.019230769230769232 0.04807692307692308
0 0.34134615384615385 0.4483173076923077 0.036057692307692304 0.12740384615384615
0 0.3449519230769231 0.90625 0.02403846153846154 0.15144230769230768
0 0.38100961538461536 0.9086538461538461 0.028846153846153848 0.18028846153846154
0 0.41466346153846156 0.7908653846153846 0.02403846153846154 0.11298076923076923
0 0.4362980769230769 0.7475961538461539 0.026442307692307692 0.07692307692307693
0 0.4375 0.6742788461538461 0.016826923076923076 0.06009615384615385
0 0.4543269230769231 0.8605769230769231 0.021634615384615384 0.12740384615384615
0 0.46153846153846156 0.6634615384615384 0.019230769230769232 0.052884615384615384
0 0.45913461538461536 0.13701923076923078 0.007211538461538462 0.016826923076923076
0 0.4807692307692308 0.6742788461538461 0.004807692307692308 0.06009615384615385
0 0.5036057692307693 0.7319711538461539 0.007211538461538462 0.040865384615384616
0 0.5084134615384616 0.6995192307692307 0.016826923076923076 0.07932692307692307
0 0.5168269230769231 0.07932692307692307 0.02403846153846154 0.10576923076923077
0 0.5408653846153846 0.9615384615384616 0.03365384615384615 0.0625
0 0.5432692307692307 0.7199519230769231 0.01201923076923077 0.07932692307692307
0 0.5685096153846154 0.8028846153846154 0.02403846153846154 0.09375
0 0.5721153846153846 0.7115384615384616 0.019230769230769232 0.0625
0 0.6069711538461539 0.7836538461538461 0.038461538461538464 0.10096153846153846
0 0.6310096153846154 0.8713942307692307 0.03365384615384615 0.14182692307692307
0 0.6598557692307693 0.9170673076923077 0.04807692307692308 0.1201923076923077
0 0.6971153846153846 0.8509615384615384 0.038461538461538464 0.11778846153846154
0 0.8125 0.8413461538461539 0.021634615384615384 0.1346153846153846