0 0.6550480769230769 0.5697115384615384 0.07692307692307693 0.1201923076923077
0 0.3329326923076923 0.46033653846153844 0.026442307692307692 0.06490384615384616
0 0.3557692307692308 0.45913461538461536 0.009615384615384616 0.057692307692307696
0 0.3798076923076923 0.4326923076923077 0.028846153846153848 0.057692307692307696
0 0.39302884615384615 0.5072115384615384 0.04807692307692308 0.07932692307692307
0 0.40865384615384615 0.4411057692307692 0.014423076923076924 0.040865384615384616
0 0.4338942307692308 0.5108173076923077 0.040865384615384616 0.06009615384615385
0 0.4495192307692308 0.5661057692307693 0.06490384615384616 0.10096153846153846
0 0.42908653846153844 0.453125 0.009615384615384616 0.04326923076923077
0 0.48677884615384615 0.5012019230769231 0.04567307692307692 0.0673076923076923
0 0.5060096153846154 0.53125 0.03125 0.040865384615384616
0 0.5288461538461539 0.5769230769230769 0.05048076923076923 0.08413461538461539
0 0.5420673076923077 0.4423076923076923 0.007211538461538462 0.040865384615384616
0 0.5697115384615384 0.4675480769230769 0.014423076923076924 0.10336538461538461
0 0.6045673076923077 0.5528846153846154 0.08653846153846154 0.06490384615384616
0 0.5865384615384616 0.47115384615384615 0.014423076923076924 0.08413461538461539
0 0.6057692307692307 0.4651442307692308 0.028846153846153848 0.11057692307692307
0 0.6334134615384616 0.46634615384615385 0.016826923076923076 0.09134615384615384
0 0.6526442307692307 0.46634615384615385 0.021634615384615384 0.09134615384615384
0 0.6971153846153846 0.5072115384615384 0.026442307692307692 0.0673076923076923
0 0.7259615384615384 0.4963942307692308 0.040865384615384616 0.1466346153846154