0 0.08774038461538461 0.49278846153846156 0.10336538461538461 0.2403846153846154
0 0.37259615384615385 0.5132211538461539 0.038461538461538464 0.0673076923076923
0 0.43990384615384615 0.5324519230769231 0.09615384615384616 0.10096153846153846
0 0.49759615384615385 0.5324519230769231 0.09615384615384616 0.0985576923076923
0 0.5204326923076923 0.5108173076923077 0.04326923076923077 0.052884615384615384
0 0.5637019230769231 0.5300480769230769 0.052884615384615384 0.0625
0 0.5697115384615384 0.5036057692307693 0.021634615384615384 0.03125
0 0.6129807692307693 0.5216346153846154 0.052884615384615384 0.0673076923076923
0 0.65625 0.515625 0.04807692307692308 0.05048076923076923
0 0.6923076923076923 0.5228365384615384 0.04567307692307692 0.0625
0 0.7307692307692307 0.48197115384615385 0.021634615384615384 0.09134615384615384