0 0.7920673076923077 0.6478365384615384 0.11298076923076923 0.49759615384615385
0 0.028846153846153848 0.5420673076923077 0.019230769230769232 0.05048076923076923
0 0.07692307692307693 0.5540865384615384 0.03365384615384615 0.15865384615384615
0 0.13341346153846154 0.5420673076923077 0.014423076923076924 0.057692307692307696
0 0.19591346153846154 0.5456730769230769 0.02403846153846154 0.06490384615384616
0 0.21875 0.5492788461538461 0.016826923076923076 0.052884615384615384
0 0.2403846153846154 0.546875 0.021634615384615384 0.038461538461538464
0 0.2932692307692308 0.546875 0.021634615384615384 0.0625
0 0.4891826923076923 0.46634615384615385 0.19471153846153846 0.7836538461538461
0 0.5757211538461539 0.5637019230769231 0.016826923076923076 0.11778846153846154
0 0.6105769230769231 0.5600961538461539 0.04567307692307692 0.1346153846153846
0 0.6442307692307693 0.5793269230769231 0.038461538461538464 0.12740384615384615
0 0.8377403846153846 0.578125 0.03365384615384615 0.16826923076923078