0 0.22956730769230768 0.38100961538461536 0.04567307692307692 0.15865384615384615
0 0.1971153846153846 0.38221153846153844 0.036057692307692304 0.1658653846153846
0 0.06129807692307692 0.3894230769230769 0.06490384615384616 0.21394230769230768
0 0.3161057692307692 0.453125 0.08413461538461539 0.28846153846153844
0 0.7175480769230769 0.4891826923076923 0.07932692307692307 0.3173076923076923
0 0.42908653846153844 0.4807692307692308 0.0673076923076923 0.2548076923076923
0 0.3641826923076923 0.47836538461538464 0.0673076923076923 0.2403846153846154
0 0.5793269230769231 0.49399038461538464 0.08413461538461539 0.31009615384615385
0 0.6454326923076923 0.5048076923076923 0.08173076923076923 0.3245192307692308
0 0.5048076923076923 0.5 0.0889423076923077 0.30528846153846156
0 0.8197115384615384 0.5552884615384616 0.12259615384615384 0.34375