0 0.9591346153846154 0.5204326923076923 0.07692307692307693 0.25721153846153844
0 0.4050480769230769 0.5985576923076923 0.07451923076923077 0.2764423076923077
0 0.7716346153846154 0.32091346153846156 0.13942307692307693 0.20673076923076922
0 0.06610576923076923 0.4495192307692308 0.12980769230769232 0.30288461538461536
0 0.2548076923076923 0.4387019230769231 0.12259615384615384 0.45913461538461536
0 0.8786057692307693 0.44471153846153844 0.08413461538461539 0.1971153846153846
0 0.765625 0.46033653846153844 0.07692307692307693 0.20192307692307693
0 0.49278846153846156 0.4831730769230769 0.07211538461538461 0.22115384615384615
0 0.5576923076923077 0.5024038461538461 0.06971153846153846 0.23317307692307693
0 0.4483173076923077 0.5180288461538461 0.057692307692307696 0.25721153846153844
0 0.625 0.5072115384615384 0.0985576923076923 0.2644230769230769
0 0.7019230769230769 0.5048076923076923 0.09134615384615384 0.2283653846153846
0 0.3329326923076923 0.5576923076923077 0.07211538461538461 0.23076923076923078