0 0.15865384615384615 0.5564903846153846 0.08653846153846154 0.29086538461538464
0 0.640625 0.5745192307692307 0.05048076923076923 0.2644230769230769
0 0.7680288461538461 0.5793269230769231 0.04807692307692308 0.2644230769230769
0 0.8665865384615384 0.5841346153846154 0.057692307692307696 0.2764423076923077
0 0.7295673076923077 0.5841346153846154 0.03365384615384615 0.25961538461538464
0 0.5649038461538461 0.5877403846153846 0.057692307692307696 0.2764423076923077
1 0.6935096153846154 0.5901442307692307 0.06009615384615385 0.25
0 0.28966346153846156 0.5853365384615384 0.055288461538461536 0.2668269230769231
1 0.17668269230769232 0.5865384615384616 0.06490384615384616 0.25
1 0.8149038461538461 0.6021634615384616 0.055288461538461536 0.23557692307692307
0 0.6189903846153846 0.6009615384615384 0.052884615384615384 0.25240384615384615
0 0.4735576923076923 0.6009615384615384 0.040865384615384616 0.25961538461538464
0 0.42427884615384615 0.609375 0.057692307692307696 0.24519230769230768
1 0.3701923076923077 0.609375 0.05048076923076923 0.2283653846153846
1 0.4951923076923077 0.6165865384615384 0.040865384615384616 0.22596153846153846
1 0.24879807692307693 0.6177884615384616 0.04567307692307692 0.23798076923076922