1 0.8016826923076923 0.5625 0.17307692307692307 0.5985576923076923
0 0.46875 0.6225961538461539 0.19471153846153846 0.41586538461538464
0 0.5360576923076923 0.43028846153846156 0.10096153846153846 0.3076923076923077
0 0.9194711538461539 0.4879807692307692 0.11057692307692307 0.3485576923076923
0 0.33774038461538464 0.47475961538461536 0.08173076923076923 0.34615384615384615
0 0.29927884615384615 0.47836538461538464 0.07692307692307693 0.40865384615384615
0 0.42908653846153844 0.484375 0.13701923076923078 0.46875
0 0.6442307692307693 0.49759615384615385 0.13221153846153846 0.4735576923076923
0 0.15144230769230768 0.4807692307692308 0.11298076923076923 0.40384615384615385
1 0.08774038461538461 0.4831730769230769 0.07932692307692307 0.3293269230769231
0 0.25 0.4951923076923077 0.10336538461538461 0.44471153846153844