0 0.7151442307692307 0.4326923076923077 0.038461538461538464 0.12740384615384615
0 0.6778846153846154 0.44471153846153844 0.04567307692307692 0.13701923076923078
0 0.6382211538461539 0.45072115384615385 0.05048076923076923 0.1346153846153846
0 0.8942307692307693 0.44350961538461536 0.0625 0.15144230769230768
0 0.9723557692307693 0.45072115384615385 0.05048076923076923 0.19951923076923078
0 0.49759615384615385 0.5024038461538461 0.0673076923076923 0.21875
0 0.25600961538461536 0.5348557692307693 0.08413461538461539 0.2283653846153846
0 0.3112980769230769 0.5360576923076923 0.0673076923076923 0.24278846153846154
0 0.36899038461538464 0.5576923076923077 0.08413461538461539 0.30528846153846156
0 0.4266826923076923 0.5588942307692307 0.09134615384615384 0.2932692307692308
0 0.5552884615384616 0.5456730769230769 0.11057692307692307 0.34375