1 0.20192307692307693 0.578125 0.20192307692307693 0.6033653846153846
0 0.5372596153846154 0.6213942307692307 0.21634615384615385 0.4230769230769231
0 0.46033653846153844 0.4326923076923077 0.11538461538461539 0.31009615384615385
0 0.08052884615384616 0.5096153846153846 0.12980769230769232 0.35336538461538464
0 0.6610576923076923 0.46634615384615385 0.10096153846153846 0.3485576923076923
0 0.6995192307692307 0.4675480769230769 0.0985576923076923 0.4110576923076923
0 0.5697115384615384 0.4807692307692308 0.16105769230769232 0.4735576923076923
0 0.3557692307692308 0.5048076923076923 0.15625 0.47836538461538464
0 0.8461538461538461 0.46274038461538464 0.1346153846153846 0.40625
1 0.9110576923076923 0.46153846153846156 0.09615384615384616 0.3317307692307692
0 0.7487980769230769 0.48197115384615385 0.125 0.44711538461538464