0 0.7716346153846154 0.5841346153846154 0.07211538461538461 0.2283653846153846
0 0.8125 0.18509615384615385 0.0673076923076923 0.20673076923076922
0 0.203125 0.22355769230769232 0.07692307692307693 0.16105769230769232
0 0.4543269230769231 0.27403846153846156 0.05048076923076923 0.21153846153846154
0 0.6225961538461539 0.2764423076923077 0.07451923076923077 0.21875
0 0.3088942307692308 0.33413461538461536 0.06009615384615385 0.21634615384615385
0 0.12740384615384615 0.3629807692307692 0.052884615384615384 0.1971153846153846
0 0.7175480769230769 0.3329326923076923 0.08653846153846154 0.1971153846153846
0 0.4338942307692308 0.41346153846153844 0.07692307692307693 0.23557692307692307
0 0.1814903846153846 0.5012019230769231 0.055288461538461536 0.23317307692307693
0 0.5901442307692307 0.5276442307692307 0.057692307692307696 0.19471153846153846