0 0.5288461538461539 0.5625 0.026442307692307692 0.08653846153846154
0 0.5612980769230769 0.5673076923076923 0.03125 0.09375
0 0.6850961538461539 0.6033653846153846 0.038461538461538464 0.125
0 0.7175480769230769 0.6850961538461539 0.052884615384615384 0.1658653846153846
0 0.3137019230769231 0.703125 0.04326923076923077 0.1658653846153846
0 0.5516826923076923 0.7283653846153846 0.0625 0.22355769230769232
0 0.2620192307692308 0.7463942307692307 0.08173076923076923 0.20432692307692307
0 0.8701923076923077 0.7848557692307693 0.09375 0.2692307692307692
0 0.9435096153846154 0.8149038461538461 0.0985576923076923 0.36538461538461536
0 0.4230769230769231 0.8076923076923077 0.10336538461538461 0.37740384615384615
0 0.4963942307692308 0.8100961538461539 0.07692307692307693 0.3701923076923077
0 0.07572115384615384 0.8197115384615384 0.15144230769230768 0.3173076923076923