0 0.7223557692307693 0.46274038461538464 0.03125 0.125
0 0.6838942307692307 0.4699519230769231 0.036057692307692304 0.1346153846153846
0 0.6442307692307693 0.4699519230769231 0.040865384615384616 0.13221153846153846
0 0.8978365384615384 0.5 0.052884615384615384 0.14903846153846154
0 0.9759615384615384 0.5180288461538461 0.04326923076923077 0.19951923076923078
0 0.49759615384615385 0.5024038461538461 0.052884615384615384 0.21634615384615385
0 0.2536057692307692 0.5012019230769231 0.06971153846153846 0.22596153846153846
0 0.3088942307692308 0.5084134615384616 0.05048076923076923 0.24278846153846154
0 0.3629807692307692 0.5384615384615384 0.0625 0.30288461538461536
0 0.41947115384615385 0.5480769230769231 0.07211538461538461 0.28846153846153844
0 0.5480769230769231 0.5528846153846154 0.0889423076923077 0.3389423076923077