0 0.78125 0.4098557692307692 0.04567307692307692 0.15865384615384615
0 0.8137019230769231 0.41466346153846156 0.036057692307692304 0.1658653846153846
0 0.9471153846153846 0.43509615384615385 0.06490384615384616 0.21394230769230768
0 0.6875 0.4723557692307692 0.08413461538461539 0.28846153846153844
0 0.2848557692307692 0.4675480769230769 0.07932692307692307 0.3173076923076923
0 0.5733173076923077 0.4879807692307692 0.0673076923076923 0.2548076923076923
0 0.6370192307692307 0.49278846153846156 0.0673076923076923 0.2403846153846154
0 0.421875 0.48677884615384615 0.08413461538461539 0.31009615384615385
0 0.3545673076923077 0.49038461538461536 0.08173076923076923 0.3245192307692308
0 0.4951923076923077 0.5 0.0889423076923077 0.30528846153846156
0 0.17668269230769232 0.5216346153846154 0.12259615384615384 0.34375