0 0.7127403846153846 0.4254807692307692 0.04326923076923077 0.12740384615384615
0 0.6754807692307693 0.4387019230769231 0.05048076923076923 0.13701923076923078
0 0.6370192307692307 0.44591346153846156 0.052884615384615384 0.1346153846153846
0 0.8918269230769231 0.43028846153846156 0.0673076923076923 0.15144230769230768
0 0.96875 0.4362980769230769 0.057692307692307696 0.19951923076923078
0 0.49759615384615385 0.5024038461538461 0.07451923076923077 0.21875
0 0.25721153846153844 0.5432692307692307 0.09134615384615384 0.23076923076923078
0 0.3125 0.5420673076923077 0.07451923076923077 0.24278846153846154
0 0.3713942307692308 0.5612980769230769 0.09375 0.30528846153846156
0 0.42788461538461536 0.5612980769230769 0.10096153846153846 0.2932692307692308
0 0.5576923076923077 0.5444711538461539 0.12259615384615384 0.34375