0 0.125 0.5420673076923077 0.057692307692307696 0.12980769230769232
0 0.546875 0.5288461538461539 0.1658653846153846 0.49278846153846156
0 0.31971153846153844 0.5576923076923077 0.06009615384615385 0.16346153846153846
0 0.5985576923076923 0.5360576923076923 0.0985576923076923 0.21875
0 0.27524038461538464 0.5661057692307693 0.0673076923076923 0.18269230769230768
0 0.39663461538461536 0.5625 0.06971153846153846 0.22596153846153846
0 0.7692307692307693 0.6334134615384616 0.3076923076923077 0.6899038461538461
0 0.5216346153846154 0.6826923076923077 0.12740384615384615 0.3269230769230769
0 0.16346153846153846 0.45552884615384615 0.07451923076923077 0.2668269230769231
0 0.20072115384615385 0.4795673076923077 0.0985576923076923 0.27884615384615385
0 0.3401442307692308 0.4855769230769231 0.07932692307692307 0.2692307692307692
0 0.7896634615384616 0.46153846153846156 0.15384615384615385 0.37740384615384615