0 0.8725961538461539 0.5625 0.06490384615384616 0.13221153846153846
0 0.4519230769230769 0.5264423076923077 0.18990384615384615 0.4951923076923077
0 0.6778846153846154 0.5673076923076923 0.0673076923076923 0.16346153846153846
0 0.40024038461538464 0.53125 0.10817307692307693 0.22115384615384615
0 0.7211538461538461 0.578125 0.07692307692307693 0.18269230769230768
0 0.5997596153846154 0.5673076923076923 0.08173076923076923 0.2283653846153846
0 0.2247596153846154 0.6189903846153846 0.34134615384615385 0.6971153846153846
0 0.46875 0.6814903846153846 0.14423076923076922 0.3293269230769231
0 0.8389423076923077 0.4735576923076923 0.0889423076923077 0.2668269230769231
0 0.8004807692307693 0.4951923076923077 0.11298076923076923 0.28125
0 0.6598557692307693 0.49278846153846156 0.09375 0.2692307692307692
0 0.2127403846153846 0.44591346153846156 0.17067307692307693 0.38221153846153844