0 0.042067307692307696 0.5757211538461539 0.08173076923076923 0.2548076923076923
0 0.6069711538461539 0.5853365384615384 0.06971153846153846 0.2764423076923077
0 0.20793269230769232 0.3557692307692308 0.1346153846153846 0.20432692307692307
0 0.9242788461538461 0.39663461538461536 0.125 0.30288461538461536
0 0.7355769230769231 0.4098557692307692 0.11538461538461539 0.4567307692307692
0 0.11778846153846154 0.49158653846153844 0.07932692307692307 0.1971153846153846
0 0.23076923076923078 0.49399038461538464 0.07451923076923077 0.20192307692307693
0 0.5048076923076923 0.4831730769230769 0.0673076923076923 0.22115384615384615
0 0.4423076923076923 0.5096153846153846 0.06490384615384616 0.23317307692307693
0 0.5540865384615384 0.5120192307692307 0.055288461538461536 0.25721153846153844
0 0.37740384615384615 0.5216346153846154 0.09615384615384616 0.2620192307692308
0 0.3004807692307692 0.5300480769230769 0.0889423076923077 0.2283653846153846
0 0.6730769230769231 0.5372596153846154 0.0673076923076923 0.23076923076923078