0 0.875 0.4567307692307692 0.06490384615384616 0.13221153846153846
0 0.46033653846153844 0.5384615384615384 0.18990384615384615 0.4951923076923077
0 0.6887019230769231 0.515625 0.0673076923076923 0.16346153846153846
0 0.41225961538461536 0.5576923076923077 0.10817307692307693 0.22115384615384615
0 0.734375 0.5144230769230769 0.07692307692307693 0.18269230769230768
0 0.6141826923076923 0.5372596153846154 0.08173076923076923 0.2283653846153846
0 0.26802884615384615 0.6694711538461539 0.34375 0.65625
0 0.5192307692307693 0.6826923076923077 0.14423076923076922 0.3293269230769231
0 0.8185096153846154 0.38100961538461536 0.0889423076923077 0.2668269230769231
0 0.7872596153846154 0.41225961538461536 0.11298076923076923 0.28125
0 0.6514423076923077 0.4495192307692308 0.09375 0.2692307692307692
0 0.2091346153846154 0.5276442307692307 0.17067307692307693 0.38221153846153844