0 0.22716346153846154 0.5793269230769231 0.07451923076923077 0.2283653846153846
0 0.1935096153846154 0.18028846153846154 0.07211538461538461 0.20673076923076922
0 0.8016826923076923 0.2283653846153846 0.07932692307692307 0.16105769230769232
0 0.5492788461538461 0.27403846153846156 0.055288461538461536 0.21153846153846154
0 0.38100961538461536 0.27524038461538464 0.07932692307692307 0.22115384615384615
0 0.6947115384615384 0.33774038461538464 0.06490384615384616 0.21875
0 0.875 0.3701923076923077 0.055288461538461536 0.1971153846153846
0 0.2848557692307692 0.3293269230769231 0.0889423076923077 0.1971153846153846
0 0.5673076923076923 0.41466346153846156 0.08173076923076923 0.23798076923076922
0 0.8185096153846154 0.5072115384615384 0.057692307692307696 0.23317307692307693
0 0.40865384615384615 0.5264423076923077 0.0625 0.19471153846153846