1 0.9375 0.6298076923076923 0.1201923076923077 0.7019230769230769
1 0.17548076923076922 0.28966346153846156 0.04807692307692308 0.23076923076923078
0 0.39302884615384615 0.2860576923076923 0.04326923076923077 0.1875
0 0.109375 0.2980769230769231 0.05048076923076923 0.24278846153846154
0 0.3485576923076923 0.29086538461538464 0.03365384615384615 0.19230769230769232
0 0.31850961538461536 0.3076923076923077 0.052884615384615384 0.22596153846153846
0 0.21875 0.31971153846153844 0.057692307692307696 0.27884615384615385
0 0.025240384615384616 0.328125 0.05048076923076923 0.25
0 0.5372596153846154 0.35096153846153844 0.07211538461538461 0.3125
0 0.43149038461538464 0.38822115384615385 0.07211538461538461 0.3581730769230769
0 0.7235576923076923 0.5973557692307693 0.2403846153846154 0.7836538461538461