0 0.9423076923076923 0.5132211538461539 0.06971153846153846 0.18028846153846154
0 0.12980769230769232 0.6153846153846154 0.06009615384615385 0.18028846153846154
0 0.5769230769230769 0.5637019230769231 0.0625 0.1875
0 0.7199519230769231 0.546875 0.057692307692307696 0.18990384615384615
0 0.8341346153846154 0.5336538461538461 0.05048076923076923 0.18509615384615385
0 0.18870192307692307 0.6141826923076923 0.04807692307692308 0.16105769230769232
0 0.6418269230769231 0.5600961538461539 0.05048076923076923 0.18990384615384615
0 0.5276442307692307 0.5805288461538461 0.06490384615384616 0.18269230769230768
0 0.34975961538461536 0.6021634615384616 0.05048076923076923 0.18028846153846154
0 0.3870192307692308 0.5985576923076923 0.055288461538461536 0.17067307692307693
0 0.45072115384615385 0.5925480769230769 0.06009615384615385 0.1875
0 0.26322115384615385 0.6201923076923077 0.057692307692307696 0.17548076923076922