0 0.3016826923076923 0.6490384615384616 0.3076923076923077 0.43990384615384615
0 0.5528846153846154 0.6394230769230769 0.3125 0.5120192307692307
0 0.8978365384615384 0.26322115384615385 0.06490384615384616 0.14182692307692307
0 0.9423076923076923 0.28365384615384615 0.07932692307692307 0.20673076923076922
0 0.8137019230769231 0.30649038461538464 0.07451923076923077 0.20432692307692307
0 0.6574519230769231 0.33774038461538464 0.06490384615384616 0.17067307692307693
0 0.6129807692307693 0.3473557692307692 0.0625 0.14423076923076922
0 0.28365384615384615 0.44711538461538464 0.09134615384615384 0.20432692307692307
1 0.21514423076923078 0.49759615384615385 0.1201923076923077 0.2956730769230769
1 0.09014423076923077 0.5552884615384616 0.13221153846153846 0.34375
0 0.4026442307692308 0.5204326923076923 0.15865384615384615 0.29086538461538464