0 0.9543269230769231 0.5961538461538461 0.08653846153846154 0.47596153846153844
0 0.0733173076923077 0.75 0.14423076923076922 0.45913461538461536
0 0.7824519230769231 0.6658653846153846 0.15865384615384615 0.4375
0 0.7115384615384616 0.7235576923076923 0.10576923076923077 0.29086538461538464
0 0.5264423076923077 0.7596153846153846 0.14182692307692307 0.38221153846153844
0 0.6670673076923077 0.4963942307692308 0.07451923076923077 0.2283653846153846
0 0.5396634615384616 0.5348557692307693 0.07692307692307693 0.22115384615384615
0 0.38461538461538464 0.5600961538461539 0.08653846153846154 0.27884615384615385
0 0.33653846153846156 0.5889423076923077 0.07692307692307693 0.22115384615384615
0 0.13341346153846154 0.6334134615384616 0.125 0.3293269230769231
0 0.2824519230769231 0.6141826923076923 0.07692307692307693 0.25240384615384615
0 0.5841346153846154 0.5769230769230769 0.07932692307692307 0.2091346153846154