0 0.05889423076923077 0.5288461538461539 0.06490384615384616 0.18028846153846154
0 0.8737980769230769 0.6021634615384616 0.055288461538461536 0.18028846153846154
0 0.4254807692307692 0.5661057692307693 0.057692307692307696 0.18509615384615385
0 0.28125 0.5540865384615384 0.052884615384615384 0.18990384615384615
0 0.16826923076923078 0.5456730769230769 0.04326923076923077 0.18509615384615385
0 0.8149038461538461 0.6033653846153846 0.04326923076923077 0.16105769230769232
0 0.3605769230769231 0.5649038461538461 0.04567307692307692 0.18990384615384615
0 0.47475961538461536 0.5805288461538461 0.06009615384615385 0.18028846153846154
0 0.6526442307692307 0.5961538461538461 0.04567307692307692 0.18028846153846154
0 0.6165865384615384 0.5949519230769231 0.05048076923076923 0.17067307692307693
0 0.5528846153846154 0.5901442307692307 0.052884615384615384 0.1875
0 0.7415865384615384 0.6117788461538461 0.05048076923076923 0.17548076923076922