0 0.15625 0.5384615384615384 0.10096153846153846 0.2932692307692308
0 0.6370192307692307 0.5817307692307693 0.06490384615384616 0.2668269230769231
0 0.7632211538461539 0.5925480769230769 0.0625 0.2668269230769231
0 0.8617788461538461 0.6033653846153846 0.07211538461538461 0.27884615384615385
0 0.7247596153846154 0.5961538461538461 0.04807692307692308 0.2620192307692308
0 0.5600961538461539 0.5913461538461539 0.07211538461538461 0.27884615384615385
1 0.6887019230769231 0.5997596153846154 0.07451923076923077 0.25240384615384615
0 0.2848557692307692 0.5745192307692307 0.06971153846153846 0.2692307692307692
1 0.171875 0.5697115384615384 0.07932692307692307 0.2548076923076923
1 0.8088942307692307 0.6177884615384616 0.0673076923076923 0.23798076923076922
0 0.6129807692307693 0.6069711538461539 0.06490384615384616 0.2548076923076923
0 0.4675480769230769 0.5985576923076923 0.052884615384615384 0.2620192307692308
0 0.41947115384615385 0.6057692307692307 0.07211538461538461 0.24759615384615385
1 0.36538461538461536 0.6021634615384616 0.0625 0.23076923076923078
1 0.4891826923076923 0.6165865384615384 0.05048076923076923 0.22596153846153846
1 0.24278846153846154 0.6045673076923077 0.057692307692307696 0.2403846153846154