1 0.9230769230769231 0.6598557692307693 0.14903846153846154 0.6754807692307693
1 0.19831730769230768 0.25721153846153844 0.055288461538461536 0.23076923076923078
0 0.41586538461538464 0.2764423076923077 0.04807692307692308 0.1875
0 0.13221153846153846 0.25841346153846156 0.06009615384615385 0.24519230769230768
0 0.3713942307692308 0.2764423076923077 0.040865384615384616 0.19471153846153846
0 0.3401442307692308 0.28966346153846156 0.06009615384615385 0.2283653846153846
0 0.23918269230769232 0.29086538461538464 0.0673076923076923 0.28125
0 0.04567307692307692 0.27884615384615385 0.057692307692307696 0.25
0 0.5516826923076923 0.3557692307692308 0.08413461538461539 0.3125
0 0.44350961538461536 0.38100961538461536 0.08413461538461539 0.3605769230769231
0 0.7115384615384616 0.6105769230769231 0.2692307692307692 0.7740384615384616