0 0.5384615384615384 0.5576923076923077 0.03125 0.0889423076923077
0 0.5709134615384616 0.5564903846153846 0.036057692307692304 0.09375
0 0.6983173076923077 0.5733173076923077 0.04326923076923077 0.125
0 0.7439903846153846 0.6478365384615384 0.06009615384615385 0.16826923076923078
0 0.3473557692307692 0.7295673076923077 0.05048076923076923 0.1658653846153846
0 0.5865384615384616 0.7163461538461539 0.07451923076923077 0.22596153846153846
0 0.30288461538461536 0.7800480769230769 0.09375 0.2091346153846154
0 0.9098557692307693 0.7235576923076923 0.10576923076923077 0.27163461538461536
0 0.9639423076923077 0.7475961538461539 0.0673076923076923 0.3798076923076923
0 0.47115384615384615 0.8112980769230769 0.125 0.37259615384615385
0 0.5456730769230769 0.8064903846153846 0.09615384615384616 0.37259615384615385
0 0.12620192307692307 0.859375 0.17548076923076922 0.2764423076923077