0 0.9555288461538461 0.6033653846153846 0.08413461538461539 0.47596153846153844
0 0.06971153846153846 0.7427884615384616 0.1346153846153846 0.45913461538461536
0 0.7800480769230769 0.6706730769230769 0.15144230769230768 0.4375
0 0.7079326923076923 0.7271634615384616 0.10096153846153846 0.29086538461538464
0 0.5216346153846154 0.7608173076923077 0.1346153846153846 0.38221153846153844
0 0.6670673076923077 0.5 0.07211538461538461 0.2283653846153846
0 0.5384615384615384 0.5360576923076923 0.07211538461538461 0.22115384615384615
0 0.38341346153846156 0.5576923076923077 0.08173076923076923 0.27884615384615385
0 0.33533653846153844 0.5865384615384616 0.07451923076923077 0.22115384615384615
0 0.1310096153846154 0.6274038461538461 0.11778846153846154 0.3293269230769231
0 0.2800480769230769 0.609375 0.07211538461538461 0.25240384615384615
0 0.5829326923076923 0.578125 0.07692307692307693 0.2091346153846154