1 0.8064903846153846 0.5360576923076923 0.18269230769230768 0.5985576923076923
0 0.4795673076923077 0.625 0.20192307692307693 0.4182692307692308
0 0.5300480769230769 0.42788461538461536 0.10576923076923077 0.3076923076923077
0 0.9158653846153846 0.4519230769230769 0.11778846153846154 0.3485576923076923
0 0.33533653846153844 0.4891826923076923 0.0889423076923077 0.34615384615384615
0 0.2980769230769231 0.4963942307692308 0.08413461538461539 0.4110576923076923
0 0.42908653846153844 0.49038461538461536 0.1466346153846154 0.46875
0 0.6442307692307693 0.4855769230769231 0.14182692307692307 0.47596153846153844
0 0.15144230769230768 0.5108173076923077 0.1201923076923077 0.40384615384615385
1 0.08774038461538461 0.5192307692307693 0.08653846153846154 0.3293269230769231
0 0.25 0.5168269230769231 0.11057692307692307 0.44711538461538464