0 0.45913461538461536 0.5564903846153846 0.03365384615384615 0.0889423076923077
0 0.4266826923076923 0.5540865384615384 0.040865384615384616 0.09375
0 0.29927884615384615 0.5661057692307693 0.04807692307692308 0.125
0 0.2512019230769231 0.6394230769230769 0.06490384615384616 0.16826923076923078
0 0.6442307692307693 0.7355769230769231 0.055288461538461536 0.1658653846153846
0 0.4050480769230769 0.7139423076923077 0.08173076923076923 0.2283653846153846
0 0.6862980769230769 0.7872596153846154 0.0985576923076923 0.2091346153846154
0 0.08173076923076923 0.7091346153846154 0.11538461538461539 0.27403846153846156
0 0.03485576923076923 0.7271634615384616 0.06971153846153846 0.37740384615384615
0 0.5180288461538461 0.8125 0.13701923076923078 0.3701923076923077
0 0.44350961538461536 0.8052884615384616 0.10817307692307693 0.37259615384615385
0 0.859375 0.8641826923076923 0.18509615384615385 0.2668269230769231