1 0.05889423076923077 0.6454326923076923 0.11298076923076923 0.6971153846153846
1 0.8173076923076923 0.27884615384615385 0.038461538461538464 0.23076923076923078
0 0.5997596153846154 0.2824519230769231 0.036057692307692304 0.1875
0 0.8834134615384616 0.2848557692307692 0.04326923076923077 0.2403846153846154
0 0.6442307692307693 0.2860576923076923 0.028846153846153848 0.19230769230769232
0 0.6742788461538461 0.3016826923076923 0.04326923076923077 0.22596153846153846
0 0.7752403846153846 0.31009615384615385 0.04807692307692308 0.27884615384615385
0 0.96875 0.3112980769230769 0.040865384615384616 0.25
0 0.4579326923076923 0.35216346153846156 0.0625 0.31009615384615385
0 0.5649038461538461 0.3858173076923077 0.06009615384615385 0.3557692307692308
0 0.2800480769230769 0.6045673076923077 0.21153846153846154 0.7788461538461539