0 0.28365384615384615 0.6201923076923077 0.25240384615384615 0.4110576923076923
0 0.5324519230769231 0.6454326923076923 0.24759615384615385 0.4831730769230769
0 0.9266826923076923 0.32091346153846156 0.04567307692307692 0.13701923076923078
0 0.96875 0.3473557692307692 0.052884615384615384 0.20192307692307693
0 0.8377403846153846 0.35216346153846156 0.04567307692307692 0.20192307692307693
0 0.6790865384615384 0.3605769230769231 0.040865384615384616 0.1658653846153846
0 0.6334134615384616 0.3641826923076923 0.04326923076923077 0.14182692307692307
0 0.2932692307692308 0.4170673076923077 0.06490384615384616 0.19951923076923078
1 0.21754807692307693 0.4579326923076923 0.08173076923076923 0.28846153846153844
1 0.08653846153846154 0.49759615384615385 0.08653846153846154 0.33653846153846156
0 0.40024038461538464 0.5060096153846154 0.1201923076923077 0.2764423076923077