0 0.055288461538461536 0.7091346153846154 0.10817307692307693 0.4735576923076923
0 0.9579326923076923 0.640625 0.07932692307692307 0.45913461538461536
0 0.265625 0.7295673076923077 0.12980769230769232 0.43509615384615385
0 0.3485576923076923 0.7680288461538461 0.08653846153846154 0.28846153846153844
0 0.5372596153846154 0.7584134615384616 0.11538461538461539 0.3798076923076923
0 0.33653846153846156 0.5372596153846154 0.06009615384615385 0.2283653846153846
0 0.4699519230769231 0.5432692307692307 0.0625 0.22115384615384615
0 0.6274038461538461 0.5300480769230769 0.0673076923076923 0.27884615384615385
0 0.6802884615384616 0.546875 0.0625 0.21875
0 0.8882211538461539 0.5408653846153846 0.10336538461538461 0.3269230769230769
0 0.7391826923076923 0.5576923076923077 0.06009615384615385 0.25240384615384615
0 0.4375 0.5949519230769231 0.06490384615384616 0.20673076923076922