0 0.16826923076923078 0.5973557692307693 0.11057692307692307 0.2956730769230769
0 0.6490384615384616 0.5564903846153846 0.07211538461538461 0.2668269230769231
0 0.7752403846153846 0.5456730769230769 0.07211538461538461 0.2668269230769231
0 0.8737980769230769 0.5396634615384616 0.08173076923076923 0.27884615384615385
0 0.7379807692307693 0.5564903846153846 0.057692307692307696 0.2620192307692308
0 0.5745192307692307 0.5793269230769231 0.08173076923076923 0.27884615384615385
1 0.703125 0.5661057692307693 0.08173076923076923 0.25240384615384615
0 0.3016826923076923 0.6105769230769231 0.07692307692307693 0.2692307692307692
1 0.18990384615384615 0.6262019230769231 0.08653846153846154 0.2548076923076923
1 0.8245192307692307 0.5625 0.07692307692307693 0.23798076923076922
0 0.6298076923076923 0.5853365384615384 0.07451923076923077 0.2548076923076923
0 0.4855769230769231 0.6033653846153846 0.0625 0.2620192307692308
0 0.4387019230769231 0.6177884615384616 0.07932692307692307 0.25
1 0.38461538461538464 0.625 0.06971153846153846 0.23317307692307693
1 0.5096153846153846 0.6165865384615384 0.06009615384615385 0.2283653846153846
1 0.265625 0.6478365384615384 0.06490384615384616 0.2403846153846154